#Pos	Phred	prob	A	C	G	T	N
0	G	0.0971	252	266	278	175	0
0	F	0.5383	1354	1263	1493	1273	0
0	E	0.1241	333	288	313	307	0
0	B	0.0244	74	55	47	68	0
0	<	0.0066	15	19	17	15	0
0	+	0.0007	3	3	1	0	0
0	3	0.0026	11	3	3	9	0
0	=	0.008	25	16	19	20	0
0	@	0.0174	45	29	53	47	0
0	>	0.0129	39	25	32	33	0
0	:	0.0074	25	14	23	12	0
0	D	0.041	133	77	117	83	0
0	A	0.0182	49	52	44	37	0
0	C	0.0242	62	59	59	62	0
0	;	0.008	26	21	24	9	0
0	8	0.0064	21	9	17	17	0
0	?	0.0152	34	39	41	38	0
0	7	0.0031	10	6	7	8	0
0	9	0.0057	12	13	20	12	0
0	*	0.0014	3	4	4	3	0
0	&	0.0043	12	8	14	9	0
0	0	0.0012	5	1	5	1	0
0	6	0.0042	13	5	13	11	0
0	)	0.001	5	1	1	3	0
0	%	0.0053	15	10	8	20	0
0	,	0.0012	5	2	1	4	0
0	-	0.0013	6	4	1	2	0
0	.	0.0017	6	4	3	4	0
0	/	0.0012	6	2	1	3	0
0	2	0.0019	4	4	7	4	0
0	(	0.0012	4	2	5	1	0
0	4	0.0034	6	9	11	8	0
0	'	0.0023	4	6	8	5	0
0	1	0.0027	12	3	6	6	0
0	5	0.0037	10	5	11	11	0
0	!	0.0007	0	0	0	0	7
1	G	0.089	188	279	248	175	0
1	9	0.0072	23	10	21	18	0
1	F	0.5211	1202	1164	1231	1614	0
1	E	0.1173	317	232	261	363	0
1	+	0.0011	3	0	3	5	0
1	5	0.005	17	7	7	19	0
1	3	0.0033	11	2	3	17	0
1	B	0.0291	86	57	61	87	0
1	D	0.0439	131	79	92	137	0
1	@	0.018	44	49	42	45	0
1	C	0.0275	86	49	59	81	0
1	A	0.0208	45	51	59	53	0
1	;	0.0092	23	17	16	36	0
1	1	0.0027	8	3	6	10	0
1	7	0.0054	18	12	6	18	0
1	?	0.0121	38	21	19	43	0
1	<	0.007	10	18	19	23	0
1	0	0.0024	7	3	8	6	0
1	8	0.0058	13	8	14	23	0
1	:	0.0082	19	22	16	25	0
1	,	0.0016	5	4	2	5	0
1	>	0.0154	46	33	30	45	0
1	%	0.0042	14	7	11	10	0
1	'	0.002	6	2	9	3	0
1	=	0.0101	32	18	15	36	0
1	!	0.0064	0	0	0	0	64
1	(	0.0015	6	3	2	4	0
1	)	0.0015	4	2	3	6	0
1	2	0.0022	8	3	6	5	0
1	&	0.0048	12	17	11	8	0
1	-	0.0016	9	2	4	1	0
1	6	0.0051	15	12	6	18	0
1	4	0.0021	5	5	7	4	0
1	.	0.0017	6	5	4	2	0
1	*	0.0017	2	4	5	6	0
1	/	0.002	8	2	2	8	0
2	G	0.0835	173	274	227	161	0
2	:	0.0086	23	14	30	19	0
2	F	0.514	1076	1426	1211	1427	0
2	E	0.1213	318	281	297	317	0
2	A	0.0195	49	45	46	55	0
2	C	0.029	74	77	61	78	0
2	'	0.0023	6	5	7	5	0
2	2	0.0026	9	3	3	11	0
2	?	0.0156	44	40	29	43	0
2	D	0.0458	125	98	109	126	0
2	-	0.0019	6	3	5	5	0
2	!	0.0055	0	0	0	0	55
2	8	0.006	17	14	16	13	0
2	7	0.0051	15	17	9	10	0
2	<	0.0082	31	19	18	14	0
2	=	0.0121	34	32	20	35	0
2	B	0.0269	70	53	68	78	0
2	3	0.0033	14	8	6	5	0
2	@	0.0209	52	52	49	56	0
2	+	0.0021	9	2	4	6	0
2	5	0.0048	16	12	6	14	0
2	>	0.0134	39	27	35	33	0
2	%	0.0049	17	5	14	13	0
2	&	0.0035	6	9	15	5	0
2	6	0.0039	11	6	8	14	0
2	4	0.0039	19	9	3	8	0
2	;	0.0091	24	22	18	27	0
2	/	0.0025	14	2	7	2	0
2	9	0.0057	18	9	19	11	0
2	(	0.0013	5	4	2	2	0
2	,	0.002	3	4	3	10	0
2	0	0.002	8	5	2	5	0
2	1	0.0033	15	6	7	5	0
2	*	0.0016	8	1	4	3	0
2	.	0.0026	10	6	6	4	0
2	)	0.0013	4	3	2	4	0
3	F	0.5065	1233	1042	1244	1546	0
3	G	0.084	184	250	216	190	0
3	!	0.011	0	0	0	0	110
3	8	0.0062	22	9	10	21	0
3	3	0.0034	11	4	9	10	0
3	,	0.002	10	2	4	4	0
3	E	0.1188	358	222	256	352	0
3	C	0.0311	96	53	75	87	0
3	6	0.0047	19	2	6	20	0
3	@	0.0177	50	32	42	53	0
3	D	0.0455	143	87	100	125	0
3	>	0.0132	37	37	34	24	0
3	9	0.0071	21	16	18	16	0
3	(	0.0018	3	4	6	5	0
3	=	0.0103	29	21	26	27	0
3	B	0.0274	81	50	69	74	0
3	;	0.0093	41	11	14	27	0
3	A	0.0197	55	36	58	48	0
3	)	0.0014	4	3	2	5	0
3	/	0.0026	11	2	7	6	0
3	?	0.0161	60	24	28	49	0
3	4	0.0058	24	10	11	13	0
3	7	0.0039	13	7	10	9	0
3	-	0.0021	9	2	6	4	0
3	<	0.0104	34	21	22	27	0
3	&	0.0036	8	11	5	12	0
3	2	0.0019	9	2	4	4	0
3	+	0.0016	6	2	3	5	0
3	:	0.0088	27	9	25	27	0
3	.	0.0021	12	0	5	4	0
3	%	0.0045	8	13	12	12	0
3	'	0.0029	6	6	8	9	0
3	5	0.0056	19	6	11	20	0
3	1	0.0037	21	2	7	7	0
3	0	0.0017	7	3	5	2	0
3	*	0.0016	5	1	7	3	0
4	G	0.0942	193	329	246	174	0
4	F	0.5156	1195	1398	1216	1347	0
4	E	0.1184	333	306	248	297	0
4	4	0.0043	15	9	8	11	0
4	<	0.0105	31	20	21	33	0
4	5	0.0049	17	8	14	10	0
4	2	0.0019	8	3	3	5	0
4	=	0.011	31	30	22	27	0
4	B	0.0291	82	68	54	87	0
4	C	0.0279	80	73	69	57	0
4	>	0.0142	48	34	30	30	0
4	D	0.046	146	99	95	120	0
4	A	0.0158	41	43	31	43	0
4	6	0.0058	19	14	11	14	0
4	@	0.0165	52	37	40	36	0
4	8	0.0081	27	17	15	22	0
4	?	0.0135	37	29	41	28	0
4	;	0.0103	33	15	26	29	0
4	0	0.0021	9	5	5	2	0
4	/	0.0017	8	6	1	2	0
4	9	0.005	12	11	9	18	0
4	-	0.0011	4	4	1	2	0
4	%	0.0029	8	5	8	8	0
4	&	0.0049	16	7	18	8	0
4	7	0.0041	13	9	6	13	0
4	.	0.0017	11	2	2	2	0
4	*	0.0017	6	2	4	5	0
4	1	0.0036	16	4	8	8	0
4	,	0.0024	10	5	2	7	0
4	'	0.0029	7	6	7	9	0
4	:	0.0085	28	12	22	23	0
4	)	0.0015	9	2	2	2	0
4	!	0.0016	0	0	0	0	16
4	(	0.0014	5	5	2	2	0
4	+	0.0019	8	1	4	6	0
4	3	0.003	10	5	9	6	0
5	E	0.1249	333	266	335	315	0
5	?	0.0145	41	31	45	28	0
5	F	0.5023	1112	1221	1321	1369	0
5	D	0.0479	138	106	122	113	0
5	5	0.0046	16	9	8	13	0
5	<	0.0094	36	20	20	18	0
5	B	0.0261	62	60	77	62	0
5	;	0.0094	33	10	27	24	0
5	=	0.0113	36	24	29	24	0
5	G	0.0917	217	253	257	190	0
5	!	0.0099	0	0	0	0	99
5	C	0.0252	84	48	49	71	0
5	.	0.0025	10	4	6	5	0
5	8	0.0072	24	12	19	17	0
5	4	0.0044	17	3	12	12	0
5	9	0.006	21	8	12	19	0
5	2	0.0029	9	7	4	9	0
5	0	0.0021	8	4	3	6	0
5	*	0.0018	4	2	3	9	0
5	(	0.0018	3	2	7	6	0
5	>	0.0117	47	14	26	30	0
5	@	0.0173	47	36	49	41	0
5	:	0.0083	27	13	15	28	0
5	A	0.0191	44	41	51	55	0
5	-	0.0018	6	3	5	4	0
5	+	0.0018	5	3	5	5	0
5	,	0.0025	11	7	3	4	0
5	3	0.0031	10	4	7	10	0
5	/	0.0026	13	3	2	8	0
5	7	0.0035	9	11	8	7	0
5	)	0.0026	7	4	11	4	0
5	&	0.0038	10	12	10	6	0
5	6	0.0056	24	3	13	16	0
5	%	0.0041	12	3	9	17	0
5	1	0.0031	18	2	6	5	0
5	'	0.0032	12	3	6	11	0
6	E	0.1233	330	297	326	280	0
6	F	0.5107	1056	1386	1334	1331	0
6	G	0.0921	181	311	254	175	0
6	'	0.0032	11	5	10	6	0
6	2	0.0022	5	9	1	7	0
6	D	0.0448	141	115	99	93	0
6	B	0.0291	84	59	68	80	0
6	A	0.0196	48	55	49	44	0
6	@	0.0172	46	45	43	38	0
6	?	0.0146	38	39	30	39	0
6	=	0.0097	31	17	24	25	0
6	C	0.0245	65	71	61	48	0
6	!	0.0039	0	0	0	0	39
6	8	0.0072	22	22	8	20	0
6	4	0.0049	22	8	8	11	0
6	1	0.0046	13	7	11	15	0
6	.	0.0022	8	4	1	9	0
6	<	0.0094	29	18	24	23	0
6	0	0.0029	13	7	4	5	0
6	)	0.0023	10	3	4	6	0
6	+	0.0022	5	8	3	6	0
6	7	0.0051	15	18	13	5	0
6	,	0.0018	6	7	4	1	0
6	>	0.0137	32	30	34	41	0
6	3	0.0026	7	6	9	4	0
6	:	0.0072	22	20	13	17	0
6	9	0.0062	21	15	18	8	0
6	*	0.002	7	6	2	5	0
6	5	0.0051	28	9	6	8	0
6	(	0.0019	4	5	4	6	0
6	;	0.0097	34	19	21	23	0
6	%	0.0032	4	5	9	14	0
6	/	0.0022	8	9	2	3	0
6	6	0.0045	14	4	15	12	0
6	-	0.001	3	3	2	2	0
6	&	0.0032	10	6	8	8	0
7	E	0.1193	317	275	307	294	0
7	F	0.5086	1208	1365	1239	1274	0
7	?	0.0154	43	37	34	40	0
7	G	0.0923	205	284	242	192	0
7	2	0.0024	7	7	6	4	0
7	B	0.0266	75	63	71	57	0
7	;	0.0098	37	19	23	19	0
7	8	0.007	33	14	10	13	0
7	C	0.0289	97	67	60	65	0
7	@	0.0169	49	42	41	37	0
7	>	0.0144	44	34	30	36	0
7	!	0.0058	0	0	0	0	58
7	<	0.0095	28	23	20	24	0
7	9	0.0062	30	8	8	16	0
7	=	0.0093	33	23	24	13	0
7	4	0.0034	14	5	9	6	0
7	A	0.0206	52	61	41	52	0
7	D	0.0471	139	113	97	122	0
7	.	0.0024	8	7	2	7	0
7	)	0.0021	11	0	6	4	0
7	0	0.0023	10	7	3	3	0
7	7	0.0048	11	15	10	12	0
7	6	0.0059	24	11	9	15	0
7	'	0.0022	6	3	7	6	0
7	,	0.0015	10	2	1	2	0
7	-	0.0014	5	2	1	6	0
7	:	0.0057	18	15	13	11	0
7	1	0.0035	9	6	12	8	0
7	3	0.0055	21	6	11	17	0
7	&	0.0045	10	12	11	12	0
7	(	0.002	4	7	3	6	0
7	5	0.0045	20	5	12	8	0
7	+	0.0016	4	3	5	4	0
7	%	0.0024	5	5	11	3	0
7	*	0.0021	9	0	5	7	0
7	/	0.0021	11	5	2	3	0
8	E	0.1242	330	282	338	292	0
8	F	0.4958	1117	1186	1396	1259	0
8	G	0.0962	199	302	295	166	0
8	@	0.0174	55	31	57	31	0
8	D	0.0506	148	114	140	104	0
8	4	0.0044	23	7	4	10	0
8	8	0.0066	18	13	15	20	0
8	-	0.0017	8	1	4	4	0
8	B	0.0289	87	60	80	62	0
8	A	0.0189	49	38	51	51	0
8	5	0.0058	23	9	15	11	0
8	6	0.0053	17	15	14	7	0
8	!	0.0063	0	0	0	0	63
8	?	0.0155	46	28	39	42	0
8	C	0.0244	81	47	56	60	0
8	=	0.0098	31	16	31	20	0
8	1	0.004	17	2	15	6	0
8	(	0.0014	2	3	5	4	0
8	>	0.0151	49	33	38	31	0
8	<	0.0089	30	22	17	20	0
8	*	0.0014	5	3	3	3	0
8	3	0.0035	12	10	11	2	0
8	0	0.0021	8	4	4	5	0
8	+	0.0021	10	4	3	4	0
8	:	0.0085	29	15	24	17	0
8	'	0.0034	5	7	6	16	0
8	;	0.0095	19	22	35	19	0
8	9	0.0067	28	15	14	10	0
8	7	0.004	10	9	8	13	0
8	.	0.0018	4	4	3	7	0
8	/	0.0021	7	7	4	3	0
8	2	0.0028	11	2	5	10	0
8	&	0.0045	14	14	10	7	0
8	)	0.0011	4	2	2	3	0
8	%	0.0034	2	10	10	12	0
8	,	0.0019	10	1	6	2	0
9	F	0.5028	1065	1352	1246	1365	0
9	E	0.1241	309	309	320	303	0
9	D	0.0446	121	110	116	99	0
9	G	0.104	211	344	274	211	0
9	(	0.0021	7	2	3	9	0
9	0	0.0022	10	3	7	2	0
9	A	0.0202	47	50	50	55	0
9	5	0.0046	14	13	10	9	0
9	<	0.0097	22	24	29	22	0
9	B	0.0263	64	78	74	47	0
9	>	0.0138	37	30	36	35	0
9	8	0.0065	19	14	17	15	0
9	!	0.0077	0	0	0	0	77
9	=	0.0083	25	15	20	23	0
9	9	0.0058	18	13	13	14	0
9	;	0.0092	25	16	28	23	0
9	C	0.0254	77	42	70	65	0
9	@	0.0174	42	47	45	40	0
9	?	0.0139	42	33	34	30	0
9	/	0.0025	8	5	5	7	0
9	2	0.0038	9	14	7	8	0
9	:	0.0072	25	24	10	13	0
9	4	0.0031	11	6	6	8	0
9	.	0.0015	6	7	1	1	0
9	7	0.0061	18	12	16	15	0
9	3	0.0031	13	9	7	2	0
9	-	0.0012	5	3	3	1	0
9	+	0.001	2	1	1	6	0
9	%	0.0036	7	11	6	12	0
9	6	0.0049	18	11	12	8	0
9	,	0.0012	2	2	2	6	0
9	1	0.003	9	6	8	7	0
9	*	0.0017	5	5	5	2	0
9	&	0.003	6	8	5	11	0
9	)	0.0018	8	5	2	3	0
9	'	0.0027	8	6	6	7	0
10	1	0.0251	64	9	34	144	0
10	)	0.0322	95	17	74	136	0
10	A	0.0221	61	4	20	136	0
10	2	0.02	67	6	33	94	0
10	4	0.0194	49	4	31	110	0
10	E	0.0621	171	12	44	394	0
10	<	0.0176	57	1	17	101	0
10	3	0.0213	68	7	42	96	0
10	(	0.0361	106	36	81	138	0
10	&	0.0454	113	103	100	138	0
10	G	0.0214	45	7	7	155	0
10	D	0.0313	77	7	29	200	0
10	/	0.0226	67	9	38	112	0
10	=	0.0199	50	4	24	121	0
10	9	0.0169	45	5	27	92	0
10	F	0.131	305	15	34	956	0
10	:	0.0197	62	8	26	101	0
10	.	0.0243	84	7	40	112	0
10	0	0.0206	64	12	31	99	0
10	5	0.0178	48	3	28	99	0
10	%	0.0195	38	76	31	50	0
10	'	0.046	126	83	89	162	0
10	*	0.025	77	11	59	103	0
10	;	0.0204	49	7	28	120	0
10	!	0.0113	0	0	0	0	113
10	B	0.0268	75	6	18	169	0
10	C	0.0288	79	7	30	172	0
10	+	0.0283	78	13	58	134	0
10	,	0.0263	83	11	43	126	0
10	?	0.0196	50	5	23	118	0
10	>	0.0205	55	4	16	130	0
10	7	0.0158	55	6	22	75	0
10	6	0.0227	64	6	32	125	0
10	-	0.0208	54	7	48	99	0
10	8	0.021	60	6	21	123	0
10	@	0.0204	58	9	17	120	0
11	(	0.0386	104	138	109	35	0
11	/	0.0262	83	97	77	5	0
11	*	0.0304	89	109	100	6	0
11	A	0.0219	52	95	59	13	0
11	0	0.0187	51	79	53	4	0
11	F	0.1011	163	603	167	78	0
11	E	0.0482	107	233	109	33	0
11	;	0.0212	64	82	59	7	0
11	,	0.0298	85	117	81	15	0
11	C	0.0259	59	128	56	16	0
11	7	0.0195	49	93	45	8	0
11	'	0.059	165	180	136	109	0
11	@	0.0206	30	101	57	18	0
11	?	0.0225	54	97	60	14	0
11	2	0.0184	49	68	58	9	0
11	8	0.0205	55	88	56	6	0
11	-	0.024	78	88	71	3	0
11	&	0.0391	102	114	84	91	0
11	1	0.0255	58	115	77	5	0
11	!	0.0229	0	0	0	0	229
11	%	0.0192	46	44	20	82	0
11	)	0.0341	97	123	103	18	0
11	<	0.0178	47	73	51	7	0
11	B	0.0258	53	119	66	20	0
11	4	0.0177	47	62	62	6	0
11	.	0.0268	85	102	71	10	0
11	3	0.0244	79	104	58	3	0
11	D	0.0331	67	168	72	24	0
11	9	0.0206	54	95	49	8	0
11	+	0.0279	79	119	75	6	0
11	5	0.0224	57	79	78	10	0
11	G	0.0205	33	117	31	24	0
11	:	0.018	41	81	51	7	0
11	=	0.0177	36	79	52	10	0
11	>	0.0198	45	96	47	10	0
11	6	0.0202	46	92	57	7	0
12	-	0.0209	63	37	7	102	0
12	A	0.0246	70	14	18	144	0
12	F	0.1294	366	28	51	849	0
12	9	0.0188	58	17	5	108	0
12	'	0.0456	120	122	40	174	0
12	E	0.0605	177	56	25	347	0
12	)	0.0339	113	80	7	139	0
12	,	0.0297	90	77	3	127	0
12	+	0.0279	102	54	11	112	0
12	D	0.0373	130	14	23	206	0
12	&	0.037	100	88	46	136	0
12	6	0.0211	71	30	2	108	0
12	:	0.0195	60	18	7	110	0
12	!	0.0074	0	0	0	0	74
12	3	0.026	88	53	5	114	0
12	C	0.0274	78	21	21	154	0
12	/	0.0271	88	42	3	138	0
12	.	0.0235	68	64	5	98	0
12	7	0.0198	57	26	9	106	0
12	5	0.0194	70	33	2	89	0
12	>	0.0212	67	16	6	123	0
12	4	0.0188	62	25	10	91	0
12	*	0.0252	90	67	3	92	0
12	<	0.0183	51	20	9	103	0
12	%	0.015	28	29	54	39	0
12	8	0.0197	67	19	3	108	0
12	;	0.0203	67	28	11	97	0
12	G	0.0197	45	5	19	128	0
12	2	0.0188	58	37	5	88	0
12	B	0.0262	81	25	17	139	0
12	?	0.0202	59	17	15	111	0
12	=	0.0176	58	21	8	89	0
12	1	0.0249	83	45	5	116	0
12	@	0.0216	66	16	10	124	0
12	(	0.0328	119	75	20	114	0
12	0	0.0229	83	46	6	94	0
13	A	0.0227	55	14	115	43	0
13	-	0.0258	74	12	107	65	0
13	>	0.0191	47	9	95	40	0
13	C	0.0252	54	13	137	48	0
13	F	0.1006	141	92	674	99	0
13	8	0.0207	56	16	84	51	0
13	=	0.0176	32	5	91	48	0
13	9	0.0206	48	11	98	49	0
13	4	0.0212	51	16	98	47	0
13	5	0.0232	60	8	98	66	0
13	D	0.0326	78	15	191	42	0
13	3	0.0236	78	17	92	49	0
13	7	0.0179	40	5	86	48	0
13	B	0.023	43	10	137	40	0
13	+	0.0313	88	38	106	81	0
13	'	0.0546	156	117	152	121	0
13	6	0.0256	77	16	102	61	0
13	!	0.0161	0	0	0	0	161
13	?	0.0215	62	8	106	39	0
13	<	0.0194	45	9	94	46	0
13	&	0.0432	118	95	122	97	0
13	/	0.0263	79	10	113	61	0
13	)	0.0375	108	45	127	95	0
13	1	0.0254	77	15	98	64	0
13	(	0.0396	116	66	116	98	0
13	0	0.0223	56	20	82	65	0
13	,	0.0276	81	30	98	67	0
13	@	0.0212	55	11	103	43	0
13	G	0.0162	20	22	102	18	0
13	E	0.0482	91	50	251	90	0
13	;	0.0199	48	8	94	49	0
13	%	0.017	39	58	37	36	0
13	.	0.0271	93	21	90	67	0
13	*	0.0258	81	20	91	66	0
13	:	0.0191	58	10	92	31	0
13	2	0.0213	48	12	106	47	0
14	F	0.1253	105	962	115	71	0
14	;	0.0191	32	107	17	35	0
14	*	0.025	64	100	10	76	0
14	0	0.0187	40	98	3	46	0
14	9	0.0217	41	130	9	37	0
14	C	0.0249	26	185	12	26	0
14	'	0.0494	117	153	101	123	0
14	3	0.0238	59	127	7	45	0
14	+	0.0291	75	134	15	67	0
14	B	0.0257	38	177	10	32	0
14	7	0.0194	37	100	23	34	0
14	8	0.0219	48	120	7	44	0
14	?	0.0215	22	145	14	34	0
14	4	0.0175	48	82	6	39	0
14	,	0.0293	70	137	12	74	0
14	<	0.0193	32	120	12	29	0
14	!	0.0276	0	0	0	0	276
14	@	0.021	24	147	12	27	0
14	E	0.0572	79	386	46	61	0
14	G	0.0157	10	114	25	8	0
14	(	0.0365	94	132	43	96	0
14	&	0.0366	83	112	75	96	0
14	1	0.0245	54	130	10	51	0
14	D	0.0334	40	238	22	34	0
14	:	0.0163	33	100	6	24	0
14	A	0.022	30	141	17	32	0
14	6	0.0212	41	124	5	42	0
14	)	0.0332	91	124	45	72	0
14	2	0.0183	43	88	6	46	0
14	-	0.021	51	96	11	52	0
14	/	0.0258	63	122	13	60	0
14	5	0.0174	33	96	8	37	0
14	=	0.0182	29	113	13	27	0
14	.	0.0251	69	120	9	53	0
14	>	0.021	34	125	13	38	0
14	%	0.0164	38	31	58	37	0
15	E	0.106	68	88	811	93	0
15	B	0.0328	8	14	297	9	0
15	;	0.0187	1	10	175	1	0
15	F	0.2576	22	26	2518	10	0
15	D	0.0514	31	12	466	5	0
15	(	0.0173	18	41	96	18	0
15	<	0.0183	1	4	176	2	0
15	:	0.015	0	6	144	0	0
15	G	0.041	7	10	389	4	0
15	=	0.0162	1	8	152	1	0
15	'	0.0209	23	42	120	24	0
15	)	0.0195	9	45	128	13	0
15	C	0.0355	8	3	337	7	0
15	A	0.0264	3	5	255	1	0
15	?	0.0211	2	6	202	1	0
15	/	0.0123	4	20	92	7	0
15	8	0.0159	2	6	151	0	0
15	4	0.0132	1	12	116	3	0
15	5	0.0122	1	4	115	2	0
15	>	0.0207	1	3	202	1	0
15	.	0.0131	2	23	99	7	0
15	!	0.0092	0	0	0	0	92
15	,	0.0129	9	25	83	12	0
15	&	0.0218	28	57	104	29	0
15	+	0.0151	10	29	101	11	0
15	*	0.0131	9	29	85	8	0
15	9	0.0168	1	4	160	3	0
15	3	0.0141	2	17	119	3	0
15	0	0.0122	1	19	98	4	0
15	6	0.0126	1	8	115	2	0
15	@	0.025	4	1	242	3	0
15	7	0.014	0	15	123	2	0
15	1	0.0176	3	18	152	3	0
15	-	0.0115	2	19	87	7	0
15	2	0.008	1	6	70	3	0
15	%	0.011	30	27	34	19	0
16	E	0.1254	338	299	296	321	0
16	F	0.5018	1172	1188	1306	1352	0
16	G	0.0946	220	276	272	178	0
16	D	0.0523	158	104	119	142	0
16	@	0.0171	53	34	35	49	0
16	1	0.0037	12	5	15	5	0
16	5	0.0038	14	3	10	11	0
16	A	0.0187	53	43	50	41	0
16	9	0.0067	18	15	14	20	0
16	C	0.0305	104	67	57	77	0
16	6	0.0068	24	14	16	14	0
16	>	0.0127	34	34	29	30	0
16	?	0.0137	40	33	41	23	0
16	7	0.0044	11	10	7	16	0
16	B	0.0239	58	59	63	59	0
16	2	0.0032	14	4	7	7	0
16	=	0.0096	29	21	22	24	0
16	4	0.0034	7	8	9	10	0
16	<	0.0097	36	13	22	26	0
16	8	0.0072	28	17	12	15	0
16	+	0.0026	7	5	7	7	0
16	0	0.002	6	2	6	6	0
16	!	0.0057	0	0	0	0	57
16	'	0.0026	4	9	7	6	0
16	)	0.0017	5	4	4	4	0
16	*	0.0017	4	2	4	7	0
16	,	0.0019	4	4	8	3	0
16	:	0.0072	22	13	16	21	0
16	(	0.0023	3	1	10	9	0
16	3	0.0031	17	6	4	4	0
16	&	0.0027	2	7	10	8	0
16	.	0.0028	12	4	3	9	0
16	;	0.0082	26	14	23	19	0
16	%	0.0024	7	3	4	10	0
16	/	0.0021	7	2	9	3	0
16	-	0.0018	5	3	6	4	0
17	E	0.1271	372	276	293	330	0
17	F	0.4937	1176	1153	1206	1402	0
17	G	0.0983	215	322	242	204	0
17	C	0.0276	73	67	58	78	0
17	D	0.0508	131	102	130	145	0
17	6	0.0058	25	13	11	9	0
17	;	0.0082	33	16	14	19	0
17	?	0.015	44	30	41	35	0
17	0	0.0017	5	5	4	3	0
17	4	0.0033	12	6	10	5	0
17	@	0.0184	55	36	43	50	0
17	9	0.0062	18	9	17	18	0
17	:	0.0085	35	15	15	20	0
17	B	0.0283	100	64	58	61	0
17	A	0.0195	53	49	43	50	0
17	7	0.0051	15	11	10	15	0
17	=	0.0092	25	19	27	21	0
17	,	0.0016	6	3	3	4	0
17	.	0.0022	7	0	10	5	0
17	1	0.0036	11	3	11	11	0
17	>	0.0113	41	30	17	25	0
17	<	0.0089	29	20	12	28	0
17	!	0.0084	0	0	0	0	84
17	'	0.0024	5	7	7	5	0
17	&	0.004	3	15	11	11	0
17	3	0.0033	15	4	9	5	0
17	)	0.0014	2	4	4	4	0
17	*	0.002	6	2	4	8	0
17	5	0.004	10	9	10	11	0
17	8	0.0085	28	25	15	17	0
17	/	0.0022	9	3	3	7	0
17	+	0.0015	5	2	5	3	0
17	-	0.0015	7	2	2	4	0
17	(	0.002	8	3	4	5	0
17	%	0.0028	5	7	9	7	0
17	2	0.0017	4	2	5	6	0
18	B	0.0276	77	54	65	80	0
18	F	0.4824	1004	1292	1169	1359	0
18	G	0.0971	178	321	256	216	0
18	E	0.1253	321	290	287	355	0
18	D	0.051	126	124	113	147	0
18	<	0.0103	23	20	33	27	0
18	8	0.0073	25	15	16	17	0
18	7	0.0063	16	15	11	21	0
18	:	0.0076	16	18	19	23	0
18	@	0.0188	50	48	45	45	0
18	>	0.0132	36	27	29	40	0
18	;	0.0099	29	19	20	31	0
18	C	0.0323	97	72	67	87	0
18	6	0.0062	20	14	8	20	0
18	3	0.0041	13	9	10	9	0
18	A	0.0171	54	41	35	41	0
18	=	0.0111	27	17	26	41	0
18	?	0.0148	44	38	34	32	0
18	(	0.0024	4	5	7	8	0
18	%	0.0038	9	9	8	12	0
18	9	0.0067	21	19	9	18	0
18	1	0.0045	14	4	4	23	0
18	4	0.0045	14	8	11	12	0
18	'	0.0025	1	8	8	8	0
18	2	0.0024	14	4	5	1	0
18	0	0.0017	4	5	3	5	0
18	!	0.0052	0	0	0	0	52
18	)	0.0027	8	3	8	8	0
18	.	0.0018	8	4	3	3	0
18	-	0.0027	8	8	8	3	0
18	&	0.0041	4	8	11	18	0
18	+	0.0024	9	6	5	4	0
18	*	0.002	5	3	2	10	0
18	,	0.0013	4	2	5	2	0
18	/	0.0021	9	5	3	4	0
18	5	0.0048	19	7	13	9	0
19	E	0.1331	378	275	332	346	0
19	F	0.477	1131	1105	1209	1325	0
19	G	0.1014	211	294	284	225	0
19	A	0.0211	67	45	44	55	0
19	6	0.005	15	12	10	13	0
19	=	0.01	39	22	13	26	0
19	8	0.0073	27	9	16	21	0
19	1	0.0033	13	8	6	6	0
19	D	0.0469	155	79	111	124	0
19	?	0.0152	48	35	28	41	0
19	B	0.0303	98	56	78	71	0
19	;	0.0087	30	14	21	22	0
19	C	0.0306	92	62	70	82	0
19	!	0.0026	0	0	0	0	26
19	9	0.0063	20	9	15	19	0
19	.	0.0034	10	11	5	8	0
19	7	0.0046	18	7	10	11	0
19	<	0.0099	28	20	26	25	0
19	@	0.0164	50	29	52	33	0
19	:	0.0075	19	18	18	20	0
19	)	0.0025	10	3	5	7	0
19	(	0.0027	8	4	7	8	0
19	5	0.0045	17	9	9	10	0
19	>	0.0132	47	26	32	27	0
19	,	0.0024	16	3	4	1	0
19	/	0.0029	16	4	1	8	0
19	+	0.0021	8	5	3	5	0
19	3	0.004	19	3	7	11	0
19	*	0.002	9	4	5	2	0
19	4	0.0048	16	12	11	9	0
19	-	0.0023	11	5	4	3	0
19	%	0.0032	10	7	7	8	0
19	0	0.0029	12	4	8	5	0
19	2	0.0029	15	3	5	6	0
19	&	0.0035	9	8	4	14	0
19	'	0.0035	11	7	7	10	0
20	G	0.1026	189	340	294	203	0
20	F	0.4804	1050	1310	1188	1256	0
20	A	0.0204	58	53	48	45	0
20	E	0.1277	330	318	299	330	0
20	8	0.0089	32	16	19	22	0
20	(	0.0019	5	4	6	4	0
20	>	0.0127	39	30	27	31	0
20	.	0.0025	11	2	9	3	0
20	B	0.027	84	64	52	70	0
20	D	0.0502	139	120	118	125	0
20	2	0.0031	8	4	8	11	0
20	?	0.0153	43	45	31	34	0
20	C	0.0302	93	72	67	70	0
20	:	0.0085	20	17	26	22	0
20	9	0.008	23	14	22	21	0
20	;	0.0086	24	18	23	21	0
20	4	0.0042	13	10	8	11	0
20	&	0.005	13	15	10	12	0
20	-	0.0023	7	8	4	4	0
20	=	0.0093	38	21	21	13	0
20	7	0.0048	10	13	12	13	0
20	*	0.0027	9	6	6	6	0
20	<	0.0089	24	24	24	17	0
20	@	0.0183	42	48	44	49	0
20	6	0.0058	16	13	18	11	0
20	'	0.0024	6	1	7	10	0
20	1	0.0039	16	7	8	8	0
20	!	0.004	0	0	0	0	40
20	)	0.0016	4	2	5	5	0
20	3	0.0043	16	8	9	10	0
20	0	0.0018	5	4	4	5	0
20	,	0.0023	8	5	3	7	0
20	5	0.004	11	8	10	11	0
20	/	0.0022	4	3	4	11	0
20	%	0.0024	6	3	6	9	0
20	+	0.0018	5	3	6	4	0
21	A	0.0213	62	58	53	40	0
21	F	0.4804	1009	1375	1222	1198	0
21	E	0.1287	325	290	330	342	0
21	G	0.1095	217	363	286	229	0
21	?	0.0145	44	34	40	27	0
21	2	0.0029	11	9	4	5	0
21	)	0.0018	6	5	5	2	0
21	C	0.0278	85	64	65	64	0
21	@	0.0157	33	45	43	36	0
21	D	0.0503	158	118	115	112	0
21	B	0.0282	76	75	74	57	0
21	;	0.0083	19	24	17	23	0
21	!	0.0046	0	0	0	0	46
21	9	0.0058	19	12	18	9	0
21	7	0.0059	15	18	12	14	0
21	=	0.0089	23	18	26	22	0
21	6	0.0064	28	9	10	17	0
21	:	0.0088	24	22	16	26	0
21	4	0.0041	9	12	11	9	0
21	>	0.0147	44	29	41	33	0
21	3	0.0029	8	5	5	11	0
21	%	0.0021	7	10	1	3	0
21	0	0.0024	4	6	8	6	0
21	<	0.0089	19	25	22	23	0
21	'	0.0034	7	9	10	8	0
21	8	0.006	21	12	18	9	0
21	.	0.0031	12	7	7	5	0
21	/	0.0022	3	7	5	7	0
21	1	0.0041	9	9	12	11	0
21	&	0.003	12	6	5	7	0
21	5	0.0038	12	7	10	9	0
21	*	0.0017	4	6	3	4	0
21	+	0.0023	9	3	8	3	0
21	(	0.0019	6	7	4	2	0
21	-	0.0019	8	4	3	4	0
21	,	0.0017	7	6	2	2	0
22	G	0.1024	215	335	267	207	0
22	F	0.4804	1094	1263	1205	1242	0
22	D	0.0526	158	110	127	131	0
22	A	0.0222	78	38	58	48	0
22	7	0.0049	15	8	16	10	0
22	0	0.0028	11	4	7	6	0
22	@	0.0163	45	39	42	37	0
22	B	0.0223	71	50	54	48	0
22	C	0.0293	91	66	70	66	0
22	>	0.0136	42	28	27	39	0
22	E	0.1223	331	293	278	321	0
22	;	0.009	35	17	14	24	0
22	:	0.0093	27	22	17	27	0
22	9	0.0061	19	8	18	16	0
22	!	0.0112	0	0	0	0	112
22	5	0.0047	12	12	12	11	0
22	-	0.0022	10	2	4	6	0
22	'	0.0033	7	9	9	8	0
22	8	0.0075	19	17	20	19	0
22	(	0.0025	8	8	4	5	0
22	=	0.0082	25	20	18	19	0
22	3	0.0047	16	10	13	8	0
22	4	0.0046	15	12	11	8	0
22	)	0.0021	4	3	10	4	0
22	,	0.0017	6	4	3	4	0
22	1	0.0041	13	5	11	12	0
22	.	0.0036	12	6	6	12	0
22	&	0.0039	7	10	10	12	0
22	?	0.015	49	39	36	26	0
22	*	0.0014	4	4	2	4	0
22	<	0.0103	36	18	19	30	0
22	%	0.0031	8	2	9	12	0
22	6	0.0055	15	15	8	17	0
22	2	0.0029	10	4	9	6	0
22	/	0.0028	11	5	3	9	0
22	+	0.0012	4	3	2	3	0
23	D	0.0511	160	93	136	122	0
23	F	0.4713	1100	1175	1315	1123	0
23	G	0.1108	256	323	291	238	0
23	B	0.0267	93	56	58	60	0
23	E	0.1276	348	296	350	282	0
23	0	0.0017	8	4	1	4	0
23	'	0.0027	4	11	6	6	0
23	?	0.0142	36	35	36	35	0
23	5	0.0043	10	10	8	15	0
23	=	0.0086	25	21	24	16	0
23	6	0.0056	12	15	13	16	0
23	:	0.0068	18	11	21	18	0
23	>	0.0145	51	33	35	26	0
23	!	0.0049	0	0	0	0	49
23	A	0.0197	65	41	48	43	0
23	4	0.0037	14	8	7	8	0
23	.	0.0026	12	5	3	6	0
23	9	0.0059	20	9	12	18	0
23	8	0.0078	23	15	23	17	0
23	@	0.0195	62	41	48	44	0
23	%	0.002	3	7	5	5	0
23	C	0.0307	116	63	68	60	0
23	-	0.0023	8	4	4	7	0
23	7	0.0059	18	10	14	17	0
23	/	0.0037	16	7	7	7	0
23	3	0.0043	17	5	10	11	0
23	<	0.0101	33	21	19	28	0
23	;	0.0104	32	21	34	17	0
23	*	0.0029	19	4	3	3	0
23	1	0.003	11	7	7	5	0
23	(	0.0023	6	7	3	7	0
23	&	0.0038	14	10	7	7	0
23	+	0.0019	4	3	8	4	0
23	)	0.0021	5	2	7	7	0
23	,	0.0019	6	4	5	4	0
23	2	0.0027	9	4	6	8	0
24	>	0.0128	48	29	31	20	0
24	D	0.0476	141	102	116	117	0
24	E	0.1257	286	351	308	312	0
24	F	0.4783	1063	1361	1227	1132	0
24	G	0.1111	203	368	295	245	0
24	9	0.0059	22	9	13	15	0
24	A	0.0189	50	56	53	30	0
24	;	0.0091	27	25	27	12	0
24	,	0.002	7	6	2	5	0
24	B	0.0274	87	74	54	59	0
24	1	0.0026	12	8	5	1	0
24	C	0.0296	93	62	68	73	0
24	8	0.0057	19	10	14	14	0
24	7	0.0051	25	7	11	8	0
24	:	0.0078	25	12	26	15	0
24	5	0.0047	17	10	6	14	0
24	@	0.0175	52	47	39	37	0
24	=	0.0103	32	22	30	19	0
24	?	0.0162	51	45	29	37	0
24	2	0.0039	11	11	7	10	0
24	.	0.0018	6	5	2	5	0
24	6	0.0058	21	10	12	15	0
24	3	0.0047	20	7	9	11	0
24	'	0.0042	11	9	10	12	0
24	!	0.007	0	0	0	0	70
24	0	0.0021	7	7	4	3	0
24	<	0.0096	28	24	29	15	0
24	(	0.0021	7	6	6	2	0
24	*	0.002	5	4	7	4	0
24	4	0.0047	18	9	11	9	0
24	)	0.002	4	5	5	6	0
24	/	0.0024	12	4	7	1	0
24	&	0.003	6	6	11	7	0
24	%	0.0023	2	5	4	12	0
24	+	0.0016	6	1	4	5	0
24	-	0.0025	11	6	1	7	0
25	F	0.4803	1225	1210	1207	1161	0
25	E	0.125	360	280	315	295	0
25	D	0.051	167	130	112	101	0
25	G	0.1101	245	335	311	210	0
25	@	0.0171	59	37	39	36	0
25	,	0.0019	12	2	4	1	0
25	5	0.0046	19	8	8	11	0
25	=	0.0111	37	20	30	24	0
25	C	0.0276	88	54	61	73	0
25	7	0.0049	17	15	7	10	0
25	A	0.0203	61	44	47	51	0
25	+	0.0013	4	3	2	4	0
25	0	0.0027	8	5	6	8	0
25	B	0.0295	104	54	84	53	0
25	8	0.0072	30	17	9	16	0
25	<	0.0089	37	23	18	11	0
25	:	0.0085	34	18	17	16	0
25	3	0.0041	17	5	12	7	0
25	&	0.0037	13	9	5	10	0
25	(	0.0027	10	8	4	5	0
25	!	0.0031	0	0	0	0	31
25	>	0.0122	40	24	29	29	0
25	1	0.0031	10	8	6	7	0
25	?	0.0137	44	29	37	27	0
25	6	0.0052	20	11	13	8	0
25	%	0.0032	6	8	5	13	0
25	9	0.0091	40	17	19	15	0
25	)	0.0024	6	6	7	5	0
25	4	0.0039	12	11	8	8	0
25	'	0.0027	6	7	3	11	0
25	;	0.0087	29	16	27	15	0
25	*	0.0015	8	1	3	3	0
25	.	0.0017	9	1	4	3	0
25	-	0.0008	4	2	1	1	0
25	2	0.0026	6	8	5	7	0
25	/	0.0036	12	10	9	5	0
26	=	0.0188	101	9	39	39	0
26	6	0.0242	128	10	42	62	0
26	-	0.0254	100	14	69	71	0
26	F	0.1175	890	74	134	77	0
26	,	0.0326	142	17	86	81	0
26	9	0.0222	123	11	43	45	0
26	.	0.0254	113	10	65	66	0
26	>	0.0223	123	12	42	46	0
26	@	0.0219	122	13	36	48	0
26	)	0.0401	166	20	112	103	0
26	'	0.0458	157	53	133	115	0
26	(	0.038	155	23	105	97	0
26	D	0.0288	184	13	45	46	0
26	0	0.0248	100	8	60	80	0
26	E	0.0593	378	34	112	69	0
26	&	0.0416	161	48	108	99	0
26	5	0.0199	90	14	55	40	0
26	2	0.0227	95	16	58	58	0
26	4	0.0208	100	12	45	51	0
26	!	0.0034	0	0	0	0	34
26	%	0.0143	39	44	24	36	0
26	C	0.0249	156	11	42	40	0
26	G	0.0164	115	15	25	9	0
26	*	0.0271	99	12	71	89	0
26	?	0.0211	120	9	50	32	0
26	;	0.0185	97	15	33	40	0
26	<	0.0188	88	12	45	43	0
26	B	0.0232	140	12	45	35	0
26	A	0.0219	121	9	51	38	0
26	7	0.0214	101	14	54	45	0
26	+	0.0255	90	20	76	69	0
26	:	0.0182	102	9	33	38	0
26	1	0.0257	108	17	73	59	0
26	3	0.0255	117	10	61	67	0
26	8	0.0182	98	10	42	32	0
26	/	0.0238	99	16	66	57	0
27	+	0.0389	113	65	119	92	0
27	)	0.0403	119	83	110	91	0
27	/	0.0342	118	69	83	72	0
27	*	0.0306	104	61	92	49	0
27	B	0.0198	66	33	70	29	0
27	'	0.0611	198	129	150	134	0
27	F	0.0666	177	145	294	50	0
27	E	0.0447	142	86	119	100	0
27	<	0.021	63	37	67	43	0
27	7	0.0192	60	43	51	38	0
27	D	0.0262	82	56	87	37	0
27	4	0.0247	101	36	67	43	0
27	G	0.0071	14	21	34	2	0
27	1	0.0324	97	62	104	61	0
27	%	0.0105	33	23	24	25	0
27	?	0.0173	38	46	54	35	0
27	5	0.0199	61	45	64	29	0
27	;	0.0232	82	52	66	32	0
27	(	0.0441	144	95	99	103	0
27	0	0.0241	70	50	66	55	0
27	A	0.0205	60	43	66	36	0
27	.	0.0287	100	66	69	52	0
27	C	0.0232	78	49	77	28	0
27	,	0.0333	100	65	91	77	0
27	-	0.026	79	55	79	47	0
27	@	0.0158	55	31	46	26	0
27	!	0.0254	0	0	0	0	254
27	9	0.0244	79	46	70	49	0
27	>	0.0203	61	44	63	35	0
27	3	0.0281	87	72	66	56	0
27	6	0.0239	71	53	75	40	0
27	:	0.0173	64	26	53	30	0
27	&	0.0472	146	98	108	120	0
27	=	0.0178	62	32	58	26	0
27	2	0.0204	58	45	64	37	0
27	8	0.0218	58	58	59	43	0
28	F	0.093	260	343	173	154	0
28	%	0.0214	52	29	42	91	0
28	A	0.0237	74	77	65	21	0
28	6	0.0227	88	70	60	9	0
28	1	0.0283	93	93	89	8	0
28	G	0.0158	34	77	22	25	0
28	)	0.0355	121	105	110	19	0
28	@	0.0181	61	59	47	14	0
28	&	0.0431	130	104	102	95	0
28	5	0.0186	53	67	49	17	0
28	B	0.0212	59	77	66	10	0
28	C	0.0308	105	106	68	29	0
28	/	0.0289	104	75	105	5	0
28	,	0.0294	111	88	91	4	0
28	2	0.0216	70	84	53	9	0
28	-	0.0237	87	80	65	5	0
28	4	0.021	67	81	59	3	0
28	.	0.0265	81	99	72	13	0
28	(	0.0403	159	111	105	28	0
28	:	0.0169	56	63	36	14	0
28	'	0.0529	164	119	140	106	0
28	;	0.0201	79	57	51	14	0
28	+	0.0312	106	108	82	16	0
28	<	0.0183	60	67	50	6	0
28	8	0.021	75	66	54	15	0
28	E	0.0482	158	156	115	53	0
28	7	0.0213	85	68	49	11	0
28	=	0.0193	59	56	63	15	0
28	*	0.0306	101	98	102	5	0
28	D	0.0297	92	93	76	36	0
28	>	0.0188	58	65	54	11	0
28	?	0.0217	67	76	52	22	0
28	3	0.0245	99	82	56	8	0
28	0	0.0226	82	77	60	7	0
28	9	0.0229	77	75	66	11	0
28	!	0.0164	0	0	0	0	164
29	.	0.0287	68	75	11	133	0
29	?	0.0201	31	30	14	126	0
29	0	0.0201	52	39	14	96	0
29	(	0.041	102	116	28	164	0
29	)	0.0349	88	94	17	150	0
29	E	0.0623	119	98	27	379	0
29	&	0.04	109	96	80	115	0
29	G	0.0147	9	6	17	115	0
29	F	0.1134	89	87	60	898	0
29	C	0.0241	27	35	16	163	0
29	8	0.0224	55	36	17	116	0
29	:	0.0171	36	29	10	96	0
29	-	0.0216	52	57	8	99	0
29	B	0.0264	46	43	20	155	0
29	6	0.023	52	40	13	125	0
29	1	0.0221	46	68	7	100	0
29	2	0.0171	35	41	8	87	0
29	=	0.0192	42	30	21	99	0
29	D	0.0318	49	42	14	213	0
29	A	0.022	35	39	11	135	0
29	@	0.0191	34	29	14	114	0
29	,	0.0267	61	65	14	127	0
29	!	0.0222	0	0	0	0	222
29	*	0.0294	79	81	14	120	0
29	'	0.0456	124	116	65	151	0
29	>	0.0214	43	29	17	125	0
29	5	0.0195	45	40	10	100	0
29	/	0.0244	56	52	18	118	0
29	7	0.0181	39	31	10	101	0
29	<	0.0194	34	39	7	114	0
29	%	0.0173	30	41	54	48	0
29	9	0.0193	36	39	7	111	0
29	3	0.0246	59	43	11	133	0
29	4	0.0204	45	48	10	101	0
29	;	0.0206	37	41	10	118	0
29	+	0.03	69	84	25	122	0
30	1	0.024	9	74	95	62	0
30	E	0.0548	93	151	212	92	0
30	3	0.0238	8	78	86	66	0
30	7	0.0215	7	70	99	39	0
30	F	0.1063	197	247	553	66	0
30	5	0.0201	8	72	75	46	0
30	+	0.0319	22	92	104	101	0
30	.	0.0273	11	92	97	73	0
30	>	0.0184	13	46	86	39	0
30	6	0.0247	5	81	101	60	0
30	,	0.0306	24	100	97	85	0
30	)	0.0357	33	104	134	86	0
30	*	0.0292	14	88	115	75	0
30	D	0.0324	35	90	164	35	0
30	;	0.0196	8	61	81	46	0
30	'	0.0516	103	119	160	134	0
30	2	0.0177	4	65	68	40	0
30	!	0.02	0	0	0	0	200
30	:	0.02	12	53	87	48	0
30	&	0.0385	62	102	102	119	0
30	B	0.0229	22	82	92	33	0
30	%	0.0135	52	24	31	28	0
30	A	0.0209	13	62	93	41	0
30	9	0.0199	7	63	74	55	0
30	<	0.0181	5	50	83	43	0
30	@	0.0207	13	75	75	44	0
30	4	0.0202	5	60	86	51	0
30	(	0.0382	42	118	114	108	0
30	?	0.0228	11	73	108	36	0
30	/	0.0259	23	80	95	61	0
30	8	0.0202	11	49	90	52	0
30	0	0.0207	7	69	82	49	0
30	G	0.0214	39	42	114	19	0
30	-	0.0236	7	78	81	70	0
30	=	0.0183	9	66	73	35	0
30	C	0.0246	36	68	106	36	0
31	B	0.0271	204	7	13	47	0
31	5	0.0237	153	22	10	52	0
31	1	0.0253	132	30	16	75	0
31	E	0.0614	516	31	20	47	0
31	*	0.0274	132	56	16	70	0
31	8	0.0182	120	15	11	36	0
31	4	0.0198	127	16	17	38	0
31	;	0.0219	154	6	11	48	0
31	6	0.0215	128	27	14	46	0
31	=	0.0168	114	12	11	31	0
31	F	0.1401	1287	13	33	68	0
31	+	0.0264	114	55	16	79	0
31	?	0.02	140	13	13	34	0
31	)	0.0316	144	40	28	104	0
31	>	0.021	156	8	12	34	0
31	(	0.037	170	77	24	99	0
31	D	0.0357	289	13	12	43	0
31	'	0.0401	173	87	37	104	0
31	<	0.0187	135	9	9	34	0
31	7	0.0231	139	28	14	50	0
31	@	0.0216	159	7	12	38	0
31	2	0.0202	100	24	16	62	0
31	,	0.0271	161	33	13	64	0
31	9	0.0226	157	17	11	41	0
31	/	0.0244	131	40	11	62	0
31	%	0.0066	27	11	17	11	0
31	&	0.0353	135	82	35	101	0
31	G	0.0204	178	3	14	9	0
31	.	0.0243	124	42	11	66	0
31	A	0.0233	170	7	12	44	0
31	3	0.0208	126	24	13	45	0
31	C	0.0272	210	10	10	42	0
31	-	0.0219	113	32	13	61	0
31	:	0.0196	131	10	5	50	0
31	0	0.0216	118	28	15	55	0
31	!	0.0063	0	0	0	0	63
32	<	0.0189	9	52	110	18	0
32	B	0.0239	18	51	146	24	0
32	-	0.0213	7	80	90	36	0
32	E	0.0588	98	93	321	76	0
32	F	0.1304	225	153	907	19	0
32	;	0.0194	8	63	102	21	0
32	7	0.015	6	38	85	21	0
32	'	0.0445	74	119	165	87	0
32	3	0.023	13	62	126	29	0
32	9	0.0225	9	72	123	21	0
32	+	0.0274	26	89	117	42	0
32	?	0.0236	17	67	134	18	0
32	1	0.0229	7	65	112	45	0
32	:	0.0179	4	57	103	15	0
32	>	0.0217	10	58	136	13	0
32	(	0.038	34	110	166	70	0
32	=	0.0187	9	53	111	14	0
32	2	0.0179	8	65	86	20	0
32	&	0.0354	59	88	135	72	0
32	D	0.0316	24	66	201	25	0
32	)	0.0355	29	122	147	57	0
32	.	0.0233	8	74	106	45	0
32	4	0.022	6	61	128	25	0
32	/	0.0242	11	79	113	39	0
32	8	0.0217	8	73	110	26	0
32	5	0.0201	5	71	105	20	0
32	G	0.0229	46	32	148	3	0
32	*	0.0285	8	96	123	58	0
32	!	0.0188	0	0	0	0	188
32	C	0.0262	24	60	156	22	0
32	A	0.0205	16	47	129	13	0
32	,	0.0239	20	60	119	40	0
32	6	0.0232	9	70	119	34	0
32	@	0.0195	12	47	118	18	0
32	0	0.0236	7	75	122	32	0
32	%	0.0133	48	17	34	34	0
33	(	0.0347	152	80	101	14	0
33	<	0.021	132	15	47	16	0
33	9	0.0226	132	22	57	15	0
33	F	0.1333	1128	7	53	145	0
33	@	0.0211	155	11	30	15	0
33	C	0.0276	201	11	45	19	0
33	5	0.0181	112	17	47	5	0
33	0	0.0201	112	26	56	7	0
33	;	0.0181	116	19	35	11	0
33	E	0.0693	441	76	79	97	0
33	2	0.0232	125	32	67	8	0
33	?	0.0228	163	14	31	20	0
33	!	0.0062	0	0	0	0	62
33	8	0.0195	125	17	43	10	0
33	+	0.0258	131	41	80	6	0
33	)	0.0296	148	64	73	11	0
33	*	0.0283	116	57	97	13	0
33	4	0.021	126	22	53	9	0
33	'	0.0404	166	99	117	22	0
33	.	0.0263	123	57	75	8	0
33	G	0.0196	149	1	6	40	0
33	,	0.0266	131	47	78	10	0
33	/	0.0267	141	46	73	7	0
33	D	0.0369	282	12	44	31	0
33	&	0.0371	134	96	104	37	0
33	1	0.0231	117	43	62	9	0
33	B	0.0285	189	20	46	30	0
33	=	0.0188	116	20	39	13	0
33	A	0.0254	180	14	38	22	0
33	3	0.0201	111	27	56	7	0
33	7	0.0142	82	15	38	7	0
33	:	0.0172	119	11	34	8	0
33	-	0.0268	141	49	72	6	0
33	>	0.0185	128	11	32	14	0
33	6	0.0196	124	17	48	7	0
33	%	0.0119	44	24	28	23	0
34	4	0.0207	74	13	35	85	0
34	A	0.0232	73	15	20	124	0
34	F	0.113	318	82	56	674	0
34	6	0.0219	65	13	40	101	0
34	*	0.0277	103	7	72	95	0
34	9	0.0199	62	23	24	90	0
34	E	0.061	214	30	88	278	0
34	=	0.0198	64	16	32	86	0
34	7	0.0218	60	20	25	113	0
34	<	0.0196	72	11	19	94	0
34	:	0.0193	54	15	33	91	0
34	C	0.0284	87	25	28	144	0
34	B	0.0252	84	22	25	121	0
34	;	0.0207	57	18	31	101	0
34	'	0.0484	150	57	110	167	0
34	1	0.0258	84	16	52	106	0
34	+	0.0278	95	14	51	118	0
34	2	0.0225	71	9	45	100	0
34	&	0.0342	116	50	77	99	0
34	%	0.015	32	59	21	38	0
34	8	0.0229	60	22	31	116	0
34	D	0.0389	136	27	32	194	0
34	3	0.0257	87	16	45	109	0
34	5	0.0192	68	16	36	72	0
34	)	0.0315	97	16	68	134	0
34	(	0.0374	110	19	114	131	0
34	>	0.02	65	22	34	79	0
34	@	0.0224	72	17	31	104	0
34	.	0.0249	78	20	42	109	0
34	,	0.029	85	19	60	126	0
34	!	0.0097	0	0	0	0	97
34	?	0.0221	74	18	16	113	0
34	/	0.0212	67	10	43	92	0
34	G	0.0182	42	22	6	112	0
34	0	0.0192	58	16	40	78	0
34	-	0.0218	69	9	54	86	0
35	;	0.0216	58	96	19	43	0
35	5	0.0183	42	70	12	59	0
35	(	0.0414	110	165	32	107	0
35	F	0.1107	214	698	95	100	0
35	/	0.0294	75	127	21	71	0
35	0	0.024	61	97	13	69	0
35	*	0.0297	89	118	10	80	0
35	8	0.0198	52	91	15	40	0
35	9	0.0222	63	92	18	49	0
35	-	0.0222	62	91	5	64	0
35	>	0.0198	52	92	21	33	0
35	3	0.0228	63	99	10	56	0
35	,	0.0286	77	121	20	68	0
35	+	0.0278	78	115	16	69	0
35	2	0.0216	60	82	13	61	0
35	'	0.0533	143	192	74	124	0
35	4	0.0204	55	88	9	52	0
35	A	0.0224	47	115	24	38	0
35	1	0.0232	68	93	19	52	0
35	E	0.0499	96	261	49	93	0
35	G	0.0165	35	90	25	15	0
35	B	0.0254	61	126	21	46	0
35	&	0.0346	89	111	54	92	0
35	<	0.0193	46	90	18	39	0
35	)	0.0363	94	147	24	98	0
35	:	0.0199	46	97	15	41	0
35	C	0.0247	54	137	24	32	0
35	D	0.0342	75	176	29	62	0
35	6	0.0222	37	109	12	64	0
35	@	0.0214	48	96	25	45	0
35	.	0.027	75	107	10	78	0
35	%	0.0122	24	26	48	24	0
35	7	0.0207	56	83	16	52	0
35	?	0.0213	53	104	15	41	0
35	!	0.0177	0	0	0	0	177
35	=	0.0175	48	84	13	30	0
36	G	0.017	21	39	102	8	0
36	8	0.0226	38	13	116	59	0
36	6	0.0242	44	15	129	54	0
36	4	0.0191	44	11	90	46	0
36	A	0.0214	25	21	141	27	0
36	/	0.028	79	13	132	56	0
36	,	0.0296	71	15	130	80	0
36	<	0.0199	35	13	117	34	0
36	+	0.0278	68	21	113	76	0
36	D	0.0335	52	32	207	44	0
36	)	0.0341	100	28	123	90	0
36	:	0.0181	31	13	106	31	0
36	.	0.0288	67	16	139	66	0
36	F	0.117	116	171	802	81	0
36	'	0.0477	114	55	180	128	0
36	3	0.0264	72	12	110	70	0
36	B	0.0258	42	25	152	39	0
36	-	0.0224	58	14	102	50	0
36	@	0.0217	42	24	120	31	0
36	E	0.0495	72	70	288	65	0
36	(	0.0357	99	33	132	93	0
36	0	0.022	49	12	109	50	0
36	C	0.0262	42	23	162	35	0
36	2	0.0217	43	20	102	52	0
36	*	0.0298	89	14	132	63	0
36	1	0.0276	72	11	135	58	0
36	&	0.0336	84	42	125	85	0
36	=	0.0168	26	11	103	28	0
36	>	0.0201	38	15	117	31	0
36	?	0.0208	35	20	124	29	0
36	5	0.0215	52	16	101	46	0
36	!	0.015	0	0	0	0	150
36	;	0.0204	47	17	106	34	0
36	9	0.0239	53	19	116	51	0
36	7	0.0213	46	12	113	42	0
36	%	0.009	20	24	34	12	0
37	5	0.0191	60	31	51	49	0
37	'	0.0535	150	103	127	155	0
37	*	0.0321	75	73	97	76	0
37	,	0.0328	103	79	62	84	0
37	)	0.0374	94	84	106	90	0
37	E	0.0454	169	78	90	117	0
37	-	0.0296	75	73	68	80	0
37	.	0.035	114	69	80	87	0
37	0	0.0257	88	37	62	70	0
37	D	0.028	88	54	63	75	0
37	@	0.0228	74	38	48	68	0
37	B	0.0251	89	38	55	69	0
37	2	0.0234	60	51	59	64	0
37	F	0.0745	285	138	164	158	0
37	(	0.0424	129	79	109	107	0
37	<	0.0203	61	40	48	54	0
37	+	0.0365	115	74	80	96	0
37	&	0.0374	114	64	92	104	0
37	3	0.0269	75	51	61	82	0
37	9	0.0207	62	41	38	66	0
37	1	0.0277	83	57	58	79	0
37	;	0.0226	67	36	64	59	0
37	/	0.0304	94	57	97	56	0
37	6	0.0231	75	52	45	59	0
37	%	0.0079	22	9	21	27	0
37	A	0.0212	62	42	55	53	0
37	4	0.0264	77	52	63	72	0
37	?	0.0204	56	32	43	73	0
37	:	0.0161	52	33	45	31	0
37	=	0.0193	64	31	51	47	0
37	>	0.0212	57	44	56	55	0
37	7	0.0203	54	41	50	58	0
37	8	0.0243	77	50	56	60	0
37	C	0.0205	66	34	39	66	0
37	!	0.0207	0	0	0	0	207
37	G	0.0093	31	20	25	17	0
38	F	0.0672	339	116	200	17	0
38	4	0.0221	67	51	70	33	0
38	3	0.0249	91	45	70	43	0
38	-	0.0278	88	60	86	44	0
38	:	0.0185	68	36	61	20	0
38	A	0.0215	86	50	66	13	0
38	0	0.0265	97	57	69	42	0
38	'	0.0593	178	140	142	133	0
38	C	0.0204	82	35	68	19	0
38	.	0.0322	94	70	112	46	0
38	/	0.032	118	64	79	59	0
38	9	0.0218	80	54	59	25	0
38	@	0.0183	73	37	59	14	0
38	)	0.0361	120	76	97	68	0
38	(	0.0447	154	94	126	73	0
38	7	0.0218	79	61	54	24	0
38	%	0.011	41	15	27	27	0
38	*	0.0312	95	63	102	52	0
38	>	0.0206	77	37	74	18	0
38	&	0.0441	139	90	103	109	0
38	!	0.0192	0	0	0	0	192
38	,	0.0329	103	65	103	58	0
38	8	0.0256	97	55	78	26	0
38	B	0.0231	78	55	78	20	0
38	E	0.0439	190	64	115	70	0
38	+	0.0322	113	71	82	56	0
38	<	0.0197	79	50	49	19	0
38	2	0.0223	82	57	60	24	0
38	1	0.0322	124	65	86	47	0
38	5	0.0215	70	48	75	22	0
38	;	0.0251	100	41	82	28	0
38	?	0.0188	74	40	59	15	0
38	D	0.0294	137	59	79	19	0
38	6	0.026	90	51	73	46	0
38	G	0.0086	36	16	32	2	0
38	=	0.0175	60	44	55	16	0
39	F	0.1124	212	364	315	233	0
39	4	0.0198	52	59	76	11	0
39	3	0.0234	71	80	75	8	0
39	-	0.0225	64	88	64	9	0
39	D	0.0344	67	125	120	32	0
39	+	0.0281	89	93	82	17	0
39	:	0.0187	55	54	63	15	0
39	;	0.0234	64	74	82	14	0
39	>	0.0211	54	66	71	20	0
39	*	0.0265	89	81	84	11	0
39	<	0.0211	53	65	82	11	0
39	7	0.0191	51	59	65	16	0
39	A	0.0219	53	75	78	13	0
39	.	0.0248	80	69	86	13	0
39	B	0.0273	63	85	101	24	0
39	&	0.0345	96	90	87	72	0
39	6	0.02	64	59	65	12	0
39	%	0.0145	29	20	27	69	0
39	(	0.0381	117	120	105	39	0
39	1	0.0234	71	72	80	11	0
39	E	0.0484	109	163	146	66	0
39	)	0.0353	133	100	103	17	0
39	?	0.0209	62	71	56	20	0
39	8	0.0221	64	57	77	23	0
39	9	0.0214	58	61	84	11	0
39	5	0.0209	65	58	73	13	0
39	C	0.0257	69	79	82	27	0
39	'	0.0502	150	122	128	102	0
39	!	0.0229	0	0	0	0	229
39	@	0.0182	47	65	51	19	0
39	,	0.0266	95	67	86	18	0
39	0	0.0226	74	67	73	12	0
39	2	0.0208	52	79	67	10	0
39	G	0.0187	26	77	50	34	0
39	/	0.0294	109	85	86	14	0
39	=	0.0209	46	66	77	20	0
40	*	0.0334	98	43	83	110	0
40	6	0.0221	60	19	67	75	0
40	1	0.0272	93	37	54	88	0
40	F	0.0726	200	9	201	316	0
40	.	0.0266	83	32	62	89	0
40	'	0.0548	160	113	132	143	0
40	G	0.0121	25	6	28	62	0
40	E	0.0454	137	30	135	152	0
40	&	0.0438	108	97	120	113	0
40	%	0.0141	26	60	24	31	0
40	0	0.0253	79	22	59	93	0
40	/	0.0284	76	27	74	107	0
40	(	0.0418	103	76	101	138	0
40	<	0.0205	58	16	51	80	0
40	;	0.0212	68	20	53	71	0
40	>	0.0187	53	10	54	70	0
40	4	0.0222	58	17	60	87	0
40	7	0.0224	55	19	58	92	0
40	+	0.0356	87	67	89	113	0
40	@	0.021	53	16	59	82	0
40	!	0.0218	0	0	0	0	218
40	)	0.0397	114	53	99	131	0
40	8	0.0224	58	25	57	84	0
40	3	0.0294	80	30	84	100	0
40	?	0.0187	49	10	54	74	0
40	B	0.0234	62	20	55	97	0
40	=	0.0169	49	7	44	69	0
40	5	0.0224	72	6	62	84	0
40	,	0.0336	92	57	90	97	0
40	-	0.0265	66	29	63	107	0
40	D	0.0285	83	16	78	108	0
40	A	0.0216	63	14	61	78	0
40	2	0.0227	76	20	56	75	0
40	:	0.019	60	10	46	74	0
40	9	0.0198	57	20	53	68	0
40	C	0.0244	76	12	65	91	0
41	*	0.0295	94	22	75	104	0
41	:	0.0175	53	13	19	90	0
41	<	0.019	64	10	33	83	0
41	,	0.0307	105	32	64	106	0
41	'	0.0628	160	168	138	162	0
41	/	0.0267	88	22	68	89	0
41	B	0.0244	80	17	29	118	0
41	E	0.0445	131	22	70	222	0
41	F	0.0877	212	44	97	524	0
41	)	0.0385	122	50	95	118	0
41	C	0.0223	65	12	26	120	0
41	G	0.0159	24	16	7	112	0
41	&	0.0492	129	131	104	128	0
41	+	0.0329	97	44	83	105	0
41	!	0.0244	0	0	0	0	244
41	3	0.0281	85	24	58	114	0
41	5	0.0184	66	11	30	77	0
41	6	0.0231	75	24	36	96	0
41	0	0.0205	69	18	33	85	0
41	@	0.0177	60	12	30	75	0
41	.	0.0287	71	35	74	107	0
41	>	0.0216	65	20	41	90	0
41	1	0.0254	80	23	38	113	0
41	?	0.0179	58	14	31	76	0
41	9	0.0195	61	11	41	82	0
41	4	0.0221	75	17	45	84	0
41	;	0.0179	44	16	38	81	0
41	A	0.0194	64	20	30	80	0
41	7	0.0194	59	21	25	89	0
41	=	0.0168	48	15	26	79	0
41	%	0.021	31	86	41	52	0
41	(	0.0431	110	73	108	140	0
41	D	0.0307	99	10	38	160	0
41	-	0.0236	70	33	59	74	0
41	2	0.019	71	12	37	70	0
41	8	0.0201	70	6	45	80	0
42	B	0.0229	43	51	79	56	0
42	F	0.0677	104	131	368	74	0
42	7	0.0197	44	39	73	41	0
42	<	0.0198	59	41	62	36	0
42	E	0.0471	116	111	147	97	0
42	9	0.0227	61	47	72	47	0
42	3	0.0265	88	56	71	50	0
42	&	0.0448	123	115	94	116	0
42	A	0.0184	33	35	84	32	0
42	.	0.0299	85	56	94	64	0
42	+	0.0354	100	77	99	78	0
42	*	0.0333	82	77	104	70	0
42	?	0.019	55	42	50	43	0
42	6	0.0222	54	52	74	42	0
42	1	0.0302	67	69	84	82	0
42	2	0.0251	60	52	87	52	0
42	/	0.0312	75	78	98	61	0
42	!	0.0235	0	0	0	0	235
42	4	0.0257	68	58	78	53	0
42	(	0.0446	118	97	125	106	0
42	C	0.0213	40	56	89	28	0
42	0	0.0237	72	47	71	47	0
42	5	0.0197	47	41	64	45	0
42	D	0.0269	64	59	119	27	0
42	%	0.0104	29	31	21	23	0
42	=	0.0154	40	26	54	34	0
42	)	0.0416	104	105	112	95	0
42	:	0.0184	49	44	61	30	0
42	'	0.0574	135	134	147	158	0
42	,	0.0346	79	81	99	87	0
42	8	0.0218	60	47	65	46	0
42	G	0.0088	10	19	45	14	0
42	@	0.0222	47	61	72	42	0
42	;	0.0191	44	37	77	33	0
42	-	0.0278	74	70	82	52	0
42	>	0.0212	45	56	67	44	0
43	=	0.0174	0	172	1	1	0
43	D	0.0558	15	519	11	13	0
43	>	0.0204	2	198	4	0	0
43	F	0.263	78	2369	82	101	0
43	G	0.0455	25	382	39	9	0
43	C	0.0365	13	344	6	2	0
43	E	0.1113	78	834	97	104	0
43	A	0.0299	5	283	6	5	0
43	;	0.0172	0	162	6	4	0
43	?	0.022	4	211	3	2	0
43	2	0.0104	1	94	3	6	0
43	/	0.0152	3	125	16	8	0
43	4	0.0114	1	97	8	8	0
43	6	0.0129	2	121	2	4	0
43	%	0.0161	42	63	23	33	0
43	@	0.0254	2	247	4	1	0
43	<	0.0171	5	160	5	1	0
43	B	0.0352	6	328	10	8	0
43	+	0.0126	13	80	21	12	0
43	,	0.0126	8	97	16	5	0
43	'	0.0215	37	106	36	36	0
43	&	0.0215	52	88	42	33	0
43	3	0.011	1	104	1	4	0
43	.	0.0115	7	92	10	6	0
43	)	0.0136	8	94	24	10	0
43	(	0.0132	23	74	19	16	0
43	7	0.0135	0	126	5	4	0
43	5	0.0106	1	97	7	1	0
43	*	0.0108	7	76	14	11	0
43	9	0.0149	1	137	5	6	0
43	0	0.0095	7	70	6	12	0
43	1	0.0124	4	108	8	4	0
43	-	0.0098	6	73	13	6	0
43	:	0.0162	0	155	5	2	0
43	!	0.0084	0	0	0	0	84
43	8	0.0137	2	131	2	2	0
44	E	0.1189	311	306	291	281	0
44	F	0.482	1155	1245	1265	1155	0
44	B	0.0277	64	74	78	61	0
44	C	0.0292	88	67	59	78	0
44	:	0.0081	18	16	23	24	0
44	A	0.023	59	45	68	58	0
44	G	0.1101	221	343	292	245	0
44	6	0.0051	9	11	17	14	0
44	&	0.0022	6	5	5	6	0
44	9	0.0068	11	15	22	20	0
44	D	0.0511	138	118	125	130	0
44	?	0.0157	42	42	36	37	0
44	(	0.0019	4	9	1	5	0
44	<	0.0095	22	14	33	26	0
44	!	0.0019	0	0	0	0	19
44	5	0.0039	13	6	8	12	0
44	=	0.0112	34	24	28	26	0
44	;	0.0105	24	35	26	20	0
44	-	0.0023	4	10	3	6	0
44	@	0.0162	50	29	42	41	0
44	4	0.0043	10	5	11	17	0
44	.	0.0018	3	4	5	6	0
44	7	0.0052	11	18	10	13	0
44	>	0.0141	32	30	42	37	0
44	8	0.0075	22	19	21	13	0
44	3	0.0032	11	9	7	5	0
44	)	0.0024	5	6	5	8	0
44	,	0.0024	9	9	3	3	0
44	+	0.0026	5	6	8	7	0
44	/	0.0033	11	13	4	5	0
44	2	0.003	8	10	6	6	0
44	0	0.0025	7	5	3	10	0
44	1	0.0041	12	11	9	9	0
44	*	0.0018	2	10	2	4	0
44	%	0.002	4	9	5	2	0
44	'	0.0025	4	11	7	3	0
45	F	0.4469	1006	1162	1109	1192	0
45	G	0.1066	223	300	282	261	0
45	E	0.1301	339	299	309	354	0
45	<	0.0119	39	26	31	23	0
45	D	0.0562	136	154	127	145	0
45	=	0.0126	34	36	28	28	0
45	>	0.0141	56	36	22	27	0
45	@	0.0154	58	26	35	35	0
45	B	0.0278	103	64	57	54	0
45	C	0.0312	105	66	58	83	0
45	&	0.0029	11	6	4	8	0
45	3	0.0042	16	8	7	11	0
45	?	0.0149	41	28	45	35	0
45	)	0.0023	8	6	4	5	0
45	5	0.0058	21	12	13	12	0
45	%	0.0018	6	4	3	5	0
45	/	0.0033	11	8	7	7	0
45	7	0.0067	22	16	14	15	0
45	+	0.0028	10	6	7	5	0
45	!	0.0048	0	0	0	0	48
45	,	0.0026	10	5	7	4	0
45	*	0.0032	9	9	6	8	0
45	6	0.0062	25	8	10	19	0
45	:	0.0103	25	23	29	26	0
45	8	0.0069	21	18	14	16	0
45	9	0.0071	20	21	16	14	0
45	A	0.0239	61	54	52	72	0
45	;	0.0093	34	20	14	25	0
45	.	0.0031	11	4	5	11	0
45	0	0.0045	14	10	6	15	0
45	-	0.0028	11	9	3	5	0
45	(	0.0031	6	11	7	7	0
45	4	0.0047	15	10	13	9	0
45	1	0.0043	15	6	11	11	0
45	2	0.0033	11	8	8	6	0
45	'	0.0024	8	3	6	7	0
46	B	0.0268	81	72	52	63	0
46	F	0.4382	936	1121	1086	1239	0
46	E	0.1291	346	294	314	337	0
46	@	0.0199	57	49	39	54	0
46	<	0.0109	34	29	25	21	0
46	C	0.0328	97	57	90	84	0
46	G	0.1107	206	369	285	247	0
46	D	0.052	140	116	115	149	0
46	>	0.0145	43	31	33	38	0
46	2	0.0032	9	5	5	13	0
46	?	0.0164	53	40	38	33	0
46	A	0.0218	70	51	48	49	0
46	:	0.0077	32	11	18	16	0
46	/	0.0038	17	5	9	7	0
46	+	0.0025	7	9	4	5	0
46	*	0.0024	14	6	2	2	0
46	0	0.0035	9	10	5	11	0
46	7	0.0058	16	14	11	17	0
46	;	0.0101	29	28	20	24	0
46	'	0.0037	7	15	6	9	0
46	%	0.0023	10	3	5	5	0
46	!	0.0116	0	0	0	0	116
46	5	0.0059	25	7	11	16	0
46	4	0.0046	16	13	8	9	0
46	9	0.0101	34	17	21	29	0
46	3	0.0048	20	7	8	13	0
46	=	0.0095	28	21	22	24	0
46	8	0.0076	21	14	14	27	0
46	(	0.0031	6	6	11	8	0
46	1	0.0043	17	8	5	13	0
46	-	0.0035	14	10	5	6	0
46	6	0.0065	20	14	17	14	0
46	,	0.0023	6	4	6	7	0
46	.	0.0034	13	7	9	5	0
46	&	0.0026	7	8	6	5	0
46	)	0.0021	6	6	6	3	0
47	D	0.0554	148	108	137	161	0
47	F	0.4314	957	958	1153	1246	0
47	E	0.1277	352	262	320	343	0
47	@	0.0204	60	56	38	50	0
47	G	0.1064	195	302	308	259	0
47	C	0.0331	98	70	80	83	0
47	,	0.0034	14	6	6	8	0
47	6	0.0062	23	7	17	15	0
47	4	0.0049	18	12	8	11	0
47	B	0.0312	95	59	78	80	0
47	?	0.0154	43	33	29	49	0
47	=	0.0139	44	30	36	29	0
47	&	0.0036	17	10	5	4	0
47	9	0.0088	30	13	22	23	0
47	>	0.0168	67	26	44	31	0
47	8	0.01	32	17	20	31	0
47	2	0.0034	16	6	3	9	0
47	!	0.0078	0	0	0	0	78
47	<	0.0097	24	16	30	27	0
47	1	0.0055	15	21	10	9	0
47	;	0.0107	48	23	18	18	0
47	*	0.0021	8	6	1	6	0
47	:	0.0091	31	21	21	18	0
47	7	0.0059	25	7	15	12	0
47	)	0.0026	6	6	6	8	0
47	5	0.0041	14	7	10	10	0
47	A	0.0232	50	58	60	64	0
47	(	0.0035	11	10	5	9	0
47	+	0.0018	4	3	5	6	0
47	3	0.0045	18	9	8	10	0
47	.	0.0033	12	3	7	11	0
47	0	0.0041	13	8	11	9	0
47	-	0.0026	6	7	5	8	0
47	/	0.0034	14	6	8	6	0
47	%	0.0015	3	3	5	4	0
47	'	0.0026	6	7	9	4	0
48	G	0.1103	204	361	286	252	0
48	F	0.4318	925	1212	1065	1116	0
48	B	0.0342	108	70	82	82	0
48	;	0.0105	34	23	29	19	0
48	C	0.0344	104	85	72	83	0
48	E	0.1285	335	312	329	309	0
48	,	0.0034	12	6	7	9	0
48	-	0.0028	14	5	6	3	0
48	=	0.0124	37	34	30	23	0
48	@	0.0171	49	41	35	46	0
48	?	0.0144	37	43	27	37	0
48	2	0.0034	8	9	7	10	0
48	!	0.01	0	0	0	0	100
48	D	0.0527	147	134	109	137	0
48	>	0.0134	47	23	37	27	0
48	5	0.0059	20	17	15	7	0
48	1	0.0035	11	10	6	8	0
48	)	0.004	17	12	4	7	0
48	8	0.0085	27	19	19	20	0
48	.	0.0048	19	10	5	14	0
48	A	0.021	64	48	45	53	0
48	3	0.0043	17	10	5	11	0
48	9	0.0079	30	14	13	22	0
48	6	0.0064	23	11	16	14	0
48	:	0.0099	36	16	23	24	0
48	<	0.0101	35	25	26	15	0
48	/	0.0039	16	2	10	11	0
48	&	0.0032	5	8	9	10	0
48	*	0.0018	3	6	4	5	0
48	(	0.0025	7	6	6	6	0
48	7	0.0054	22	15	10	7	0
48	+	0.0026	13	2	4	7	0
48	0	0.0029	11	5	7	6	0
48	4	0.0061	24	18	10	9	0
48	'	0.0039	12	6	4	17	0
48	%	0.0021	6	5	3	7	0
49	G	0.1088	196	317	309	266	0
49	A	0.023	76	49	57	48	0
49	F	0.4172	889	1074	1082	1127	0
49	?	0.0181	48	48	26	59	0
49	D	0.059	171	145	136	138	0
49	E	0.1355	357	314	343	341	0
49	@	0.0217	68	41	51	57	0
49	,	0.0029	10	5	5	9	0
49	6	0.0074	23	26	10	15	0
49	4	0.0057	24	8	13	12	0
49	B	0.0283	77	65	65	76	0
49	5	0.0049	14	10	9	16	0
49	7	0.0051	15	12	11	13	0
49	<	0.0111	37	22	24	28	0
49	>	0.0131	42	28	29	32	0
49	0	0.0033	10	5	8	10	0
49	C	0.0356	105	88	85	78	0
49	!	0.0051	0	0	0	0	51
49	2	0.0052	22	9	11	10	0
49	1	0.0059	26	12	11	10	0
49	:	0.0094	34	17	19	24	0
49	9	0.0083	28	16	22	17	0
49	8	0.0076	26	20	14	16	0
49	*	0.0031	10	8	6	7	0
49	&	0.0037	9	13	4	11	0
49	%	0.0022	10	4	1	7	0
49	+	0.0028	10	7	5	6	0
49	;	0.0106	32	29	23	22	0
49	.	0.0044	19	3	7	15	0
49	=	0.0122	43	29	27	23	0
49	)	0.0021	5	4	1	11	0
49	3	0.0047	14	9	14	10	0
49	'	0.0035	7	16	6	6	0
49	(	0.0024	8	7	5	4	0
49	/	0.0029	12	6	5	6	0
49	-	0.0032	11	11	4	6	0
50	E	0.1254	335	299	308	312	0
50	D	0.0575	166	139	142	128	0
50	F	0.4294	919	1107	1130	1138	0
50	G	0.1056	173	331	289	263	0
50	!	0.0075	0	0	0	0	75
50	3	0.0053	13	10	14	16	0
50	7	0.006	21	11	11	17	0
50	9	0.0075	23	17	15	20	0
50	?	0.0159	48	36	39	36	0
50	C	0.0364	102	83	78	101	0
50	B	0.0296	99	59	75	63	0
50	.	0.0039	11	5	10	13	0
50	6	0.007	27	16	15	12	0
50	=	0.0125	42	25	35	23	0
50	<	0.0105	33	19	24	29	0
50	A	0.0235	66	61	40	68	0
50	8	0.0074	23	15	20	16	0
50	@	0.0201	66	36	45	54	0
50	;	0.0091	31	18	21	21	0
50	5	0.0059	22	12	16	9	0
50	,	0.0036	11	10	7	8	0
50	0	0.0046	17	10	8	11	0
50	(	0.0033	16	4	8	5	0
50	4	0.0049	15	9	13	12	0
50	:	0.0095	27	17	30	21	0
50	1	0.0038	15	8	7	8	0
50	>	0.0165	52	43	34	36	0
50	/	0.0033	11	8	4	10	0
50	'	0.0027	9	7	6	5	0
50	)	0.0037	14	3	8	12	0
50	2	0.0034	8	7	9	10	0
50	*	0.0033	10	5	7	11	0
50	&	0.0029	9	7	5	8	0
50	+	0.0036	13	8	4	11	0
50	-	0.0029	13	8	2	6	0
50	%	0.002	7	5	6	2	0
51	F	0.433	1017	1074	1124	1115	0
51	E	0.1278	357	277	318	326	0
51	>	0.0147	37	32	38	40	0
51	C	0.0362	110	82	85	85	0
51	G	0.11	222	315	322	241	0
51	(	0.0031	8	7	8	8	0
51	2	0.0034	12	6	9	7	0
51	@	0.0197	59	46	50	42	0
51	&	0.0033	7	13	4	9	0
51	5	0.0052	11	17	7	17	0
51	6	0.0081	32	15	22	12	0
51	D	0.0583	159	121	148	155	0
51	?	0.0136	50	15	36	35	0
51	A	0.0229	69	53	50	57	0
51	8	0.0079	24	17	17	21	0
51	.	0.0025	6	6	7	6	0
51	<	0.0102	29	19	29	25	0
51	=	0.0106	41	20	23	22	0
51	0	0.0034	15	8	6	5	0
51	9	0.0094	22	19	25	28	0
51	B	0.0292	95	50	79	68	0
51	7	0.0055	20	9	8	18	0
51	'	0.0032	7	8	10	7	0
51	:	0.0102	32	23	24	23	0
51	;	0.0107	30	18	27	32	0
51	4	0.0055	21	10	13	11	0
51	!	0.0038	0	0	0	0	38
51	1	0.0038	12	10	6	10	0
51	/	0.0051	23	17	4	7	0
51	*	0.0024	4	7	4	9	0
51	-	0.0025	9	6	6	4	0
51	3	0.0057	23	12	8	14	0
51	)	0.0026	6	8	4	8	0
51	,	0.0022	8	4	2	8	0
51	+	0.0027	6	9	7	5	0
51	%	0.0016	8	4	3	1	0
52	G	0.1132	229	322	299	282	0
52	F	0.4297	948	1182	1131	1036	0
52	E	0.1279	300	313	335	331	0
52	>	0.0153	41	36	35	41	0
52	9	0.0088	28	19	21	20	0
52	D	0.0575	144	153	148	130	0
52	.	0.003	4	10	6	10	0
52	4	0.0044	16	8	7	13	0
52	1	0.0044	19	10	5	10	0
52	B	0.0319	88	78	72	81	0
52	(	0.0035	8	10	7	10	0
52	C	0.0326	88	80	78	80	0
52	6	0.0071	23	12	18	18	0
52	?	0.0167	50	44	35	38	0
52	@	0.0226	62	58	51	55	0
52	A	0.0226	64	48	62	52	0
52	3	0.0041	14	9	8	10	0
52	<	0.0119	38	19	25	37	0
52	7	0.0055	20	13	11	11	0
52	'	0.0023	7	5	6	5	0
52	=	0.0114	39	27	26	22	0
52	8	0.0081	27	19	17	18	0
52	&	0.0042	10	13	6	13	0
52	:	0.0084	22	23	21	18	0
52	,	0.0028	7	9	6	6	0
52	;	0.0096	37	25	17	17	0
52	2	0.0038	11	8	9	10	0
52	+	0.0032	9	6	10	7	0
52	)	0.0035	9	4	9	13	0
52	*	0.003	9	6	6	9	0
52	-	0.0019	9	2	3	5	0
52	5	0.0058	19	10	13	16	0
52	0	0.003	8	7	7	8	0
52	!	0.0018	0	0	0	0	18
52	/	0.0032	16	3	4	9	0
52	%	0.0013	3	0	6	4	0
53	C	0.0361	106	72	79	104	0
53	D	0.0593	151	131	125	186	0
53	F	0.4283	926	976	1042	1339	0
53	E	0.1274	336	277	283	378	0
53	6	0.007	17	11	14	28	0
53	<	0.0101	27	25	18	31	0
53	?	0.0166	48	27	31	60	0
53	&	0.0023	8	9	3	3	0
53	0	0.0041	11	7	6	17	0
53	7	0.0066	17	17	12	20	0
53	G	0.1074	223	293	301	257	0
53	5	0.0053	14	14	11	14	0
53	B	0.0275	62	58	58	97	0
53	@	0.0205	50	51	38	66	0
53	3	0.0049	15	7	10	17	0
53	:	0.0107	39	24	15	29	0
53	9	0.0089	26	16	12	35	0
53	,	0.0037	11	6	7	13	0
53	;	0.0098	27	13	18	40	0
53	=	0.0115	33	25	20	37	0
53	A	0.0215	53	36	52	74	0
53	8	0.0092	23	19	15	35	0
53	1	0.0041	9	2	14	16	0
53	4	0.0048	21	4	8	15	0
53	>	0.0138	40	28	25	45	0
53	2	0.0033	6	10	4	13	0
53	!	0.0073	0	0	0	0	73
53	/	0.0041	14	5	7	15	0
53	(	0.0032	6	10	6	10	0
53	-	0.0038	13	5	7	13	0
53	'	0.0041	9	8	9	15	0
53	*	0.0027	7	7	4	9	0
53	)	0.0028	7	8	5	8	0
53	.	0.0029	9	8	6	6	0
53	+	0.0029	9	10	3	7	0
53	%	0.0015	4	5	3	3	0
