#Pos	Phred	A	C	G	T	N
0	36	714	833	725	546	0	
0	37	2238	3431	2497	1668	0	
0	32	120	130	124	75	0	
0	35	281	360	287	176	0	
0	16	12	20	31	8	0	
0	38	274	401	327	186	0	
0	27	44	70	75	26	0	
0	23	46	59	63	22	0	
0	20	29	39	46	14	0	
0	33	176	184	164	133	0	
0	18	24	30	30	6	0	
0	22	38	36	35	22	0	
0	34	178	213	165	96	0	
0	30	89	120	85	53	0	
0	24	30	59	45	16	0	
0	9	1	3	2	3	0	
0	25	41	74	55	23	0	
0	15	8	12	15	6	0	
0	12	7	11	14	3	0	
0	26	45	68	56	25	0	
0	28	57	81	86	40	0	
0	31	102	125	123	64	0	
0	29	65	113	86	41	0	
0	21	31	30	46	17	0	
0	14	9	15	18	4	0	
0	19	30	36	28	15	0	
0	17	14	14	22	7	0	
0	4	0	1	0	0	0	
0	13	8	11	17	3	0	
0	5	0	3	5	3	0	
0	8	2	6	4	1	0	
0	10	7	9	15	1	0	
0	7	3	0	10	3	0	
0	6	2	3	7	4	0	
0	11	6	11	19	1	0	
0	0	0	0	0	0	20	
1	37	1968	3072	2184	2483	0	
1	36	690	776	577	779	0	
1	33	152	171	129	204	0	
1	31	100	109	71	126	0	
1	38	249	367	282	207	0	
1	26	68	78	50	71	0	
1	13	11	13	4	17	0	
1	0	0	0	0	0	22	
1	32	102	121	84	118	0	
1	27	64	71	40	73	0	
1	18	38	17	8	39	0	
1	34	143	172	142	200	0	
1	35	255	299	215	337	0	
1	24	32	51	32	52	0	
1	30	75	95	69	107	0	
1	23	56	51	19	75	0	
1	22	31	27	24	36	0	
1	25	32	55	47	71	0	
1	29	86	91	59	116	0	
1	14	23	13	3	29	0	
1	20	28	26	24	42	0	
1	17	18	9	5	23	0	
1	21	39	39	18	54	0	
1	16	26	19	8	36	0	
1	28	55	67	49	73	0	
1	19	26	25	14	33	0	
1	15	13	9	9	26	0	
1	9	1	1	1	13	0	
1	7	4	2	2	4	0	
1	12	9	4	6	15	0	
1	10	11	8	2	10	0	
1	8	4	2	0	4	0	
1	5	2	2	1	0	0	
1	11	8	9	3	22	0	
1	6	4	2	0	5	0	
1	4	0	0	1	0	0	
2	37	2109	2735	2224	2526	0	
2	38	278	339	317	219	0	
2	32	119	113	94	145	0	
2	36	752	754	595	781	0	
2	35	288	274	200	335	0	
2	27	61	54	41	49	0	
2	34	177	172	116	203	0	
2	33	174	143	117	209	0	
2	22	38	25	23	51	0	
2	31	103	96	78	127	0	
2	30	110	85	81	109	0	
2	26	64	61	39	77	0	
2	23	77	48	33	56	0	
2	29	96	84	54	96	0	
2	19	33	19	14	29	0	
2	18	37	23	23	30	0	
2	21	35	32	27	29	0	
2	25	50	45	26	58	0	
2	28	77	58	57	78	0	
2	24	46	38	40	40	0	
2	16	32	15	14	42	0	
2	20	36	20	19	35	0	
2	14	26	10	7	20	0	
2	11	18	4	4	8	0	
2	17	16	11	9	15	0	
2	10	16	4	10	11	0	
2	12	18	8	10	12	0	
2	7	6	3	0	4	0	
2	13	24	9	5	14	0	
2	15	19	11	10	13	0	
2	8	5	1	2	1	0	
2	9	10	2	4	4	0	
2	6	3	0	1	1	0	
2	0	0	0	0	0	21	
2	4	0	0	0	2	0	
2	5	1	1	2	3	0	
3	37	1774	3519	1716	2593	0	
3	33	174	202	117	230	0	
3	20	23	41	12	47	0	
3	36	621	892	473	816	0	
3	29	57	108	45	110	0	
3	24	39	59	18	48	0	
3	38	250	437	247	211	0	
3	35	240	374	195	344	0	
3	28	50	77	19	81	0	
3	30	76	110	53	113	0	
3	26	46	66	29	85	0	
3	32	114	139	55	143	0	
3	25	43	69	20	94	0	
3	31	82	139	57	138	0	
3	34	157	199	88	213	0	
3	27	48	58	33	69	0	
3	14	12	16	4	29	0	
3	23	41	54	20	84	0	
3	16	27	29	5	50	0	
3	21	35	49	17	70	0	
3	22	25	40	16	36	0	
3	11	9	7	0	29	0	
3	19	18	27	6	38	0	
3	17	13	14	7	15	0	
3	13	9	16	4	24	0	
3	18	10	40	8	46	0	
3	10	6	11	3	9	0	
3	0	0	0	0	0	16	
3	5	1	2	2	1	0	
3	9	5	6	0	6	0	
3	15	8	15	4	22	0	
3	12	11	16	1	15	0	
3	8	6	4	1	11	0	
3	6	2	3	1	8	0	
3	7	2	3	0	5	0	
4	37	2533	2073	1975	2780	0	
4	29	114	55	58	113	0	
4	36	862	559	522	890	0	
4	32	159	77	80	134	0	
4	38	317	303	307	232	0	
4	35	388	192	185	400	0	
4	24	67	26	21	54	0	
4	34	226	111	106	205	0	
4	31	163	82	65	128	0	
4	33	238	116	100	221	0	
4	18	41	5	6	33	0	
4	23	77	28	27	68	0	
4	30	125	54	56	136	0	
4	0	0	0	0	0	11	
4	22	45	14	25	52	0	
4	27	89	30	35	85	0	
4	25	78	40	30	98	0	
4	17	24	8	5	24	0	
4	16	48	9	7	37	0	
4	19	47	13	13	37	0	
4	20	51	12	14	57	0	
4	26	95	37	28	78	0	
4	28	87	38	34	76	0	
4	21	56	23	15	58	0	
4	12	21	0	3	20	0	
4	13	30	6	4	18	0	
4	15	28	5	4	17	0	
4	8	12	1	0	8	0	
4	7	10	0	2	7	0	
4	14	37	4	2	37	0	
4	9	17	0	1	11	0	
4	6	9	2	0	4	0	
4	5	5	0	3	3	0	
4	10	20	3	0	27	0	
4	11	27	3	0	27	0	
4	4	3	1	0	2	0	
5	37	2719	1698	2859	1998	0	
5	30	155	42	107	59	0	
5	36	952	453	751	632	0	
5	31	139	58	87	69	0	
5	38	339	244	440	186	0	
5	33	243	100	197	178	0	
5	35	463	147	350	230	0	
5	27	103	27	68	58	0	
5	32	193	60	143	87	0	
5	29	156	41	93	71	0	
5	20	53	9	36	29	0	
5	28	135	27	77	45	0	
5	34	266	80	209	119	0	
5	16	64	7	20	15	0	
5	21	61	20	38	26	0	
5	18	64	6	23	22	0	
5	23	112	25	46	50	0	
5	15	25	3	24	14	0	
5	24	72	15	34	36	0	
5	25	79	23	49	39	0	
5	22	52	16	23	25	0	
5	26	109	29	56	52	0	
5	17	34	4	17	6	0	
5	13	42	1	10	9	0	
5	10	31	3	6	7	0	
5	19	53	9	21	17	0	
5	14	43	2	9	8	0	
5	11	38	3	9	7	0	
5	9	22	2	4	2	0	
5	12	37	2	9	7	0	
5	6	12	1	1	0	0	
5	8	18	2	2	1	0	
5	7	18	0	2	1	0	
5	5	5	0	5	2	0	
5	4	1	0	1	0	0	
6	37	2406	2341	2492	2268	0	
6	36	811	638	680	726	0	
6	31	128	68	103	126	0	
6	28	75	46	60	46	0	
6	10	14	2	12	4	0	
6	33	226	129	158	166	0	
6	30	134	57	80	90	0	
6	32	156	92	89	110	0	
6	29	85	71	85	86	0	
6	35	362	200	269	262	0	
6	34	242	136	161	170	0	
6	25	80	32	55	39	0	
6	38	297	342	352	190	0	
6	26	70	39	64	58	0	
6	27	97	42	50	58	0	
6	20	44	19	34	26	0	
6	22	60	13	27	22	0	
6	19	31	12	17	23	0	
6	18	35	15	22	17	0	
6	24	54	19	33	40	0	
6	16	42	12	27	29	0	
6	23	96	23	44	47	0	
6	21	54	17	27	40	0	
6	14	27	11	11	15	0	
6	8	12	0	2	2	0	
6	13	27	7	13	11	0	
6	17	19	12	22	18	0	
6	9	11	1	2	8	0	
6	12	24	1	10	8	0	
6	5	7	2	2	1	0	
6	15	25	4	4	8	0	
6	0	0	0	0	0	49	
6	7	7	3	2	3	0	
6	6	10	2	1	2	0	
6	11	22	4	5	12	0	
6	4	1	1	0	1	0	
7	37	2405	2317	2585	2190	0	
7	36	843	651	674	668	0	
7	28	76	56	66	71	0	
7	33	212	116	138	189	0	
7	34	225	125	159	142	0	
7	26	82	53	53	56	0	
7	29	99	81	79	70	0	
7	38	302	344	345	203	0	
7	35	356	222	268	290	0	
7	32	147	81	109	108	0	
7	21	53	26	36	34	0	
7	18	46	23	16	17	0	
7	31	128	72	100	92	0	
7	30	110	62	77	87	0	
7	25	69	31	32	56	0	
7	17	26	8	10	13	0	
7	24	71	32	40	47	0	
7	20	58	15	15	33	0	
7	14	37	6	12	12	0	
7	9	19	1	3	1	0	
7	16	44	15	14	18	0	
7	27	74	47	52	53	0	
7	23	86	42	44	57	0	
7	8	9	2	6	6	0	
7	6	11	2	2	3	0	
7	11	19	1	7	11	0	
7	22	45	22	29	29	0	
7	15	22	9	4	9	0	
7	19	48	17	21	21	0	
7	5	8	0	0	1	0	
7	10	28	1	4	8	0	
7	0	0	0	0	0	60	
7	12	24	4	9	2	0	
7	13	25	7	7	12	0	
7	7	9	1	2	2	0	
7	4	3	0	0	0	0	
8	37	1716	3274	2423	2168	0	
8	33	162	187	146	153	0	
8	31	87	138	89	72	0	
8	35	259	340	233	292	0	
8	27	51	70	49	41	0	
8	19	26	40	19	22	0	
8	34	151	193	150	162	0	
8	38	234	413	378	243	0	
8	36	649	822	669	683	0	
8	30	68	133	85	91	0	
8	26	60	73	60	57	0	
8	17	11	20	16	11	0	
8	29	66	103	58	78	0	
8	32	99	146	98	113	0	
8	18	15	37	20	19	0	
8	28	65	66	38	43	0	
8	24	33	64	30	34	0	
8	14	13	29	11	11	0	
8	23	43	74	49	38	0	
8	25	46	55	47	51	0	
8	22	23	52	20	31	0	
8	8	7	6	1	4	0	
8	21	32	55	36	36	0	
8	20	17	53	25	22	0	
8	11	9	21	8	3	0	
8	0	0	0	0	0	70	
8	16	13	42	18	15	0	
8	15	9	23	9	12	0	
8	13	9	25	7	8	0	
8	12	5	11	6	5	0	
8	4	1	1	0	0	0	
8	5	3	1	1	0	0	
8	9	4	5	2	1	0	
8	6	1	7	1	3	0	
8	10	5	12	4	4	0	
8	7	4	6	2	3	0	
9	37	2184	2503	2014	2700	0	
9	38	303	399	290	244	0	
9	36	755	713	575	808	0	
9	35	343	274	221	344	0	
9	31	139	81	71	116	0	
9	34	201	146	111	211	0	
9	23	64	45	20	74	0	
9	30	100	79	44	118	0	
9	28	64	57	35	88	0	
9	18	36	22	15	40	0	
9	33	206	123	117	212	0	
9	27	53	60	33	70	0	
9	32	152	101	73	149	0	
9	26	87	60	36	82	0	
9	20	36	21	17	52	0	
9	19	38	19	14	35	0	
9	25	52	45	29	65	0	
9	8	12	3	0	9	0	
9	29	108	85	52	103	0	
9	24	47	34	29	62	0	
9	22	38	26	27	53	0	
9	21	42	31	15	60	0	
9	17	21	18	5	19	0	
9	13	13	12	1	23	0	
9	14	25	5	1	26	0	
9	15	12	16	1	21	0	
9	9	6	6	0	6	0	
9	12	15	10	3	13	0	
9	0	0	0	0	0	11	
9	16	30	13	7	41	0	
9	7	5	1	2	5	0	
9	5	1	0	2	5	0	
9	11	16	2	2	15	0	
9	10	16	1	3	13	0	
9	6	4	0	1	4	0	
9	4	0	1	1	0	0	
10	37	2084	2106	3036	2320	0	
10	35	312	203	359	287	0	
10	36	715	595	811	731	0	
10	32	112	69	140	127	0	
10	38	263	301	448	260	0	
10	33	173	114	180	182	0	
10	26	46	28	67	78	0	
10	21	44	23	43	43	0	
10	27	69	40	59	58	0	
10	25	62	43	54	51	0	
10	18	38	10	29	29	0	
10	11	19	4	12	6	0	
10	23	57	28	68	53	0	
10	28	71	41	78	65	0	
10	34	185	125	209	160	0	
10	31	102	88	133	115	0	
10	29	77	43	94	61	0	
10	20	34	8	35	32	0	
10	24	44	23	59	49	0	
10	30	81	52	105	89	0	
10	13	20	6	22	11	0	
10	14	24	4	18	12	0	
10	22	27	23	32	27	0	
10	9	4	0	7	6	0	
10	17	17	6	30	14	0	
10	16	37	8	22	25	0	
10	19	22	9	25	35	0	
10	0	0	0	0	0	21	
10	6	4	0	4	3	0	
10	10	12	0	11	3	0	
10	15	15	7	17	8	0	
10	8	5	2	1	4	0	
10	12	10	2	6	8	0	
10	7	4	0	4	1	0	
10	4	2	0	0	0	0	
10	5	3	1	2	0	0	
11	37	2110	2521	2180	2610	0	
11	36	721	644	659	813	0	
11	21	44	40	19	49	0	
11	31	102	99	80	130	0	
11	38	255	345	339	288	0	
11	23	67	41	33	51	0	
11	30	81	86	72	112	0	
11	33	216	149	130	190	0	
11	35	332	244	209	323	0	
11	27	71	66	39	75	0	
11	14	20	9	7	21	0	
11	20	40	19	22	29	0	
11	26	70	54	46	84	0	
11	34	178	135	138	186	0	
11	24	48	38	34	52	0	
11	32	153	97	82	147	0	
11	28	79	55	57	81	0	
11	25	57	34	31	63	0	
11	29	106	66	64	97	0	
11	22	34	27	17	30	0	
11	18	31	25	12	37	0	
11	19	37	16	21	41	0	
11	16	33	15	12	28	0	
11	15	21	6	6	20	0	
11	5	9	4	1	0	0	
11	12	19	8	8	9	0	
11	17	21	13	12	14	0	
11	9	8	5	2	7	0	
11	13	25	14	10	18	0	
11	6	8	1	2	3	0	
11	8	14	2	2	2	0	
11	4	1	0	2	2	0	
11	10	14	3	3	10	0	
11	11	23	4	4	17	0	
11	7	11	0	5	6	0	
11	0	0	0	0	0	51	
12	37	1972	2453	2672	2460	0	
12	32	116	100	121	116	0	
12	36	682	708	717	782	0	
12	29	96	73	76	88	0	
12	38	263	356	407	276	0	
12	35	284	251	302	311	0	
12	34	153	160	138	194	0	
12	33	149	127	160	179	0	
12	30	89	90	84	75	0	
12	31	102	77	120	105	0	
12	25	64	48	43	59	0	
12	24	35	48	58	46	0	
12	28	72	54	53	74	0	
12	21	27	31	38	41	0	
12	19	20	17	21	24	0	
12	26	72	54	47	52	0	
12	27	46	58	73	65	0	
12	22	33	27	32	33	0	
12	23	65	39	43	42	0	
12	14	21	9	9	18	0	
12	18	28	20	30	27	0	
12	12	11	8	8	6	0	
12	16	31	16	17	24	0	
12	20	23	23	19	41	0	
12	10	6	4	5	8	0	
12	11	13	7	9	6	0	
12	15	20	9	10	14	0	
12	5	3	1	3	1	0	
12	17	16	15	7	12	0	
12	13	14	13	9	5	0	
12	6	3	0	2	4	0	
12	8	3	0	3	3	0	
12	4	0	0	3	3	0	
12	7	6	2	5	3	0	
12	0	0	0	0	0	4	
12	9	8	5	2	4	0	
13	37	1853	2906	2268	2415	0	
13	38	280	430	375	260	0	
13	30	75	86	73	110	0	
13	36	659	752	662	747	0	
13	27	58	73	41	65	0	
13	34	153	168	137	187	0	
13	33	165	177	115	179	0	
13	31	88	96	93	101	0	
13	26	50	43	50	76	0	
13	35	296	313	260	305	0	
13	0	0	0	0	0	76	
13	32	98	130	84	106	0	
13	28	55	87	46	79	0	
13	22	29	38	18	38	0	
13	29	63	93	72	71	0	
13	19	33	26	18	41	0	
13	23	57	58	35	70	0	
13	20	28	40	17	33	0	
13	17	16	20	13	17	0	
13	14	18	19	7	31	0	
13	15	19	15	6	13	0	
13	25	48	46	42	63	0	
13	21	49	44	29	48	0	
13	24	41	51	22	41	0	
13	13	10	9	9	14	0	
13	5	4	0	0	2	0	
13	16	25	26	19	21	0	
13	18	36	21	23	27	0	
13	11	11	9	7	13	0	
13	6	4	5	1	3	0	
13	8	8	3	1	7	0	
13	7	5	2	0	2	0	
13	12	6	3	9	12	0	
13	10	9	9	4	10	0	
13	9	7	2	0	4	0	
13	4	0	0	0	1	0	
14	37	2150	2567	2490	2170	0	
14	13	30	9	10	6	0	
14	36	735	679	749	695	0	
14	33	220	168	145	138	0	
14	28	61	68	58	61	0	
14	34	222	132	141	163	0	
14	35	335	260	256	289	0	
14	32	124	94	123	101	0	
14	38	313	387	406	262	0	
14	30	114	85	90	91	0	
14	18	44	28	15	12	0	
14	31	99	86	97	85	0	
14	26	84	38	44	52	0	
14	22	51	39	34	37	0	
14	29	106	75	82	79	0	
14	0	0	0	0	0	17	
14	27	61	53	51	52	0	
14	11	28	5	6	8	0	
14	24	59	34	36	44	0	
14	17	35	11	15	12	0	
14	25	65	44	48	39	0	
14	20	49	22	15	35	0	
14	23	69	36	41	42	0	
14	5	2	1	3	1	0	
14	21	64	32	25	41	0	
14	15	25	10	14	7	0	
14	16	35	20	20	22	0	
14	19	43	26	15	19	0	
14	10	20	3	4	5	0	
14	14	14	7	12	7	0	
14	9	8	1	3	3	0	
14	12	15	5	8	5	0	
14	6	7	1	2	0	0	
14	4	1	1	0	1	0	
14	7	8	1	2	1	0	
14	8	9	1	4	0	0	
15	37	2189	2515	2436	2266	0	
15	35	341	233	262	294	0	
15	32	142	89	84	123	0	
15	36	777	671	715	716	0	
15	19	44	21	13	31	0	
15	21	51	24	41	48	0	
15	38	319	375	369	253	0	
15	24	57	37	40	59	0	
15	25	69	49	42	57	0	
15	33	201	129	140	163	0	
15	29	103	55	84	73	0	
15	34	166	144	170	142	0	
15	23	65	36	42	50	0	
15	18	51	19	11	36	0	
15	26	74	50	50	67	0	
15	30	111	79	79	69	0	
15	31	120	79	92	104	0	
15	12	28	5	3	7	0	
15	17	31	12	18	16	0	
15	14	25	9	12	19	0	
15	27	74	49	49	56	0	
15	28	78	50	56	42	0	
15	22	41	16	31	29	0	
15	11	13	6	7	13	0	
15	0	0	0	0	0	48	
15	20	67	16	24	30	0	
15	15	21	7	6	11	0	
15	10	10	4	3	4	0	
15	9	12	6	6	5	0	
15	16	32	8	15	29	0	
15	8	18	4	6	4	0	
15	13	19	6	10	17	0	
15	6	8	1	0	2	0	
15	7	9	3	3	5	0	
15	4	1	1	0	0	0	
15	5	10	2	3	3	0	
16	37	2081	2523	2352	2503	0	
16	35	333	226	270	316	0	
16	0	0	0	0	0	45	
16	34	204	152	172	177	0	
16	28	74	55	52	61	0	
16	38	297	386	401	252	0	
16	36	748	605	631	786	0	
16	33	209	107	154	169	0	
16	23	65	30	35	55	0	
16	26	68	49	44	67	0	
16	31	111	99	86	123	0	
16	29	90	55	75	87	0	
16	13	25	9	11	17	0	
16	30	104	77	92	94	0	
16	32	131	86	79	118	0	
16	27	60	42	56	53	0	
16	20	51	24	27	36	0	
16	24	43	33	39	47	0	
16	15	11	10	9	19	0	
16	16	43	19	9	28	0	
16	22	37	26	28	32	0	
16	11	29	5	6	10	0	
16	25	55	40	41	55	0	
16	19	39	13	17	19	0	
16	21	63	21	41	31	0	
16	18	43	16	21	29	0	
16	10	12	5	7	6	0	
16	14	35	15	9	17	0	
16	8	4	4	2	5	0	
16	17	25	7	19	12	0	
16	12	17	7	8	12	0	
16	5	6	3	2	2	0	
16	7	8	3	1	1	0	
16	9	14	3	4	7	0	
16	6	9	2	2	1	0	
16	4	5	0	0	0	0	
17	37	2172	2464	2343	2414	0	
17	35	349	243	256	302	0	
17	36	739	662	646	766	0	
17	29	93	62	67	88	0	
17	34	213	140	176	169	0	
17	32	140	99	101	109	0	
17	26	75	46	56	62	0	
17	38	314	384	392	273	0	
17	24	44	32	30	34	0	
17	11	18	6	9	15	0	
17	25	58	36	52	60	0	
17	17	26	10	15	29	0	
17	22	59	29	26	24	0	
17	28	84	54	48	66	0	
17	31	88	66	81	104	0	
17	20	40	25	19	30	0	
17	33	174	109	157	163	0	
17	18	44	13	25	37	0	
17	19	49	16	20	40	0	
17	23	61	39	43	64	0	
17	30	105	72	82	76	0	
17	15	29	9	12	14	0	
17	0	0	0	0	0	28	
17	21	48	19	27	38	0	
17	16	39	18	19	33	0	
17	27	81	53	55	54	0	
17	10	18	4	1	5	0	
17	8	19	6	4	6	0	
17	12	16	5	5	13	0	
17	13	23	3	5	16	0	
17	14	30	7	4	21	0	
17	9	16	2	4	6	0	
17	5	5	2	3	2	0	
17	7	13	4	3	6	0	
17	6	15	1	0	5	0	
17	4	2	0	1	2	0	
18	37	2119	2472	2408	2433	0	
18	34	170	125	141	186	0	
18	36	747	679	645	782	0	
18	31	129	91	90	96	0	
18	9	13	3	3	7	0	
18	18	45	15	15	33	0	
18	38	307	395	366	265	0	
18	35	310	268	250	314	0	
18	29	105	82	66	87	0	
18	33	204	143	139	189	0	
18	25	69	35	37	64	0	
18	17	21	10	10	19	0	
18	22	43	27	23	32	0	
18	28	66	54	39	82	0	
18	26	64	57	42	47	0	
18	15	22	11	10	17	0	
18	19	45	20	29	21	0	
18	24	51	25	39	59	0	
18	20	36	26	28	34	0	
18	30	92	76	94	89	0	
18	27	60	40	40	57	0	
18	23	63	32	26	43	0	
18	0	0	0	0	0	21	
18	32	113	89	104	112	0	
18	21	59	28	34	33	0	
18	11	16	7	5	17	0	
18	16	34	13	19	30	0	
18	12	22	4	6	12	0	
18	10	13	3	7	6	0	
18	13	28	10	13	11	0	
18	14	34	11	10	29	0	
18	7	10	4	2	1	0	
18	6	8	7	3	3	0	
18	8	16	4	6	7	0	
18	5	5	3	2	1	0	
18	4	1	1	0	0	0	
19	32	123	93	115	105	0	
19	36	726	575	680	746	0	
19	37	2134	2514	2427	2382	0	
19	34	189	120	162	205	0	
19	38	302	367	372	304	0	
19	35	328	254	276	288	0	
19	33	198	140	165	173	0	
19	30	94	78	76	86	0	
19	19	46	12	24	31	0	
19	29	102	87	66	85	0	
19	20	34	22	28	29	0	
19	17	32	12	19	15	0	
19	31	120	91	103	92	0	
19	25	65	33	42	38	0	
19	24	64	45	36	34	0	
19	15	21	10	6	19	0	
19	28	64	49	62	69	0	
19	12	23	5	13	14	0	
19	26	71	49	48	62	0	
19	27	69	52	48	69	0	
19	23	69	36	42	76	0	
19	0	0	0	0	0	4	
19	16	32	15	16	25	0	
19	21	51	35	31	43	0	
19	22	31	17	27	28	0	
19	6	12	1	4	3	0	
19	13	26	5	9	12	0	
19	14	26	17	7	18	0	
19	18	40	15	13	20	0	
19	7	16	2	2	1	0	
19	9	18	3	3	2	0	
19	11	16	2	14	10	0	
19	10	19	4	6	7	0	
19	8	10	2	6	6	0	
19	5	3	2	5	1	0	
19	4	5	1	0	1	0	
20	37	2101	2395	2413	2445	0	
20	35	320	241	299	308	0	
20	31	97	82	76	103	0	
20	36	746	649	679	744	0	
20	28	72	57	48	52	0	
20	33	220	133	132	164	0	
20	32	131	94	112	128	0	
20	30	117	67	86	96	0	
20	38	294	390	406	285	0	
20	34	206	149	159	185	0	
20	27	71	54	50	63	0	
20	25	60	31	40	40	0	
20	12	8	4	9	15	0	
20	13	16	6	6	20	0	
20	17	26	9	16	18	0	
20	24	54	38	22	40	0	
20	19	30	20	27	27	0	
20	29	121	58	73	86	0	
20	16	44	18	12	20	0	
20	20	39	21	24	27	0	
20	22	33	27	31	27	0	
20	26	65	46	55	65	0	
20	15	23	14	13	8	0	
20	0	0	0	0	0	67	
20	21	51	28	28	42	0	
20	14	28	12	12	18	0	
20	7	9	1	3	4	0	
20	18	41	20	22	27	0	
20	23	55	40	29	53	0	
20	10	17	4	2	8	0	
20	5	7	1	2	1	0	
20	11	24	8	4	9	0	
20	8	8	5	2	10	0	
20	6	6	0	4	3	0	
20	9	13	2	4	10	0	
20	4	0	3	1	1	0	
21	37	2098	2535	2430	2306	0	
21	36	751	673	667	749	0	
21	31	98	88	86	110	0	
21	32	117	102	85	126	0	
21	35	291	267	253	303	0	
21	38	306	377	374	282	0	
21	21	51	21	25	46	0	
21	10	18	2	5	5	0	
21	33	168	146	165	178	0	
21	34	215	157	161	187	0	
21	22	45	30	22	36	0	
21	29	103	74	82	93	0	
21	15	24	12	20	14	0	
21	25	48	45	29	61	0	
21	19	46	30	30	35	0	
21	30	104	71	73	87	0	
21	24	55	47	23	47	0	
21	17	23	10	17	21	0	
21	20	46	22	33	33	0	
21	23	55	40	45	55	0	
21	26	52	43	49	67	0	
21	8	15	3	4	2	0	
21	11	18	7	11	7	0	
21	0	0	0	0	0	21	
21	16	42	13	16	31	0	
21	27	64	52	54	60	0	
21	28	74	52	47	60	0	
21	18	27	19	20	30	0	
21	12	19	4	5	8	0	
21	14	24	12	5	16	0	
21	13	20	15	9	20	0	
21	6	6	3	2	2	0	
21	9	7	3	7	7	0	
21	5	6	3	5	0	0	
21	7	9	4	3	2	0	
21	4	3	0	1	0	0	
22	37	2116	2463	2391	2412	0	
22	29	105	67	75	78	0	
22	36	720	696	655	772	0	
22	22	43	26	33	24	0	
22	38	312	413	420	266	0	
22	21	44	35	31	40	0	
22	34	198	131	158	160	0	
22	35	343	254	268	329	0	
22	24	50	31	35	41	0	
22	30	88	74	64	93	0	
22	33	183	142	137	177	0	
22	31	105	103	99	127	0	
22	32	143	81	104	114	0	
22	28	94	52	50	65	0	
22	27	57	39	46	64	0	
22	17	22	7	6	17	0	
22	18	38	23	13	29	0	
22	25	50	34	23	62	0	
22	26	82	53	49	68	0	
22	20	33	25	27	42	0	
22	15	15	8	9	16	0	
22	7	9	1	2	7	0	
22	16	35	13	19	29	0	
22	13	16	10	7	19	0	
22	23	55	31	34	62	0	
22	6	11	4	1	2	0	
22	12	18	6	3	7	0	
22	10	15	7	5	10	0	
22	11	15	6	7	19	0	
22	19	33	23	22	22	0	
22	5	6	2	1	1	0	
22	14	23	10	13	18	0	
22	8	15	0	3	5	0	
22	9	12	1	3	8	0	
22	0	0	0	0	0	4	
22	4	1	0	2	0	0	
23	37	2114	2449	2343	2482	0	
23	38	297	369	402	297	0	
23	36	764	669	659	772	0	
23	23	69	41	44	43	0	
23	31	110	91	98	86	0	
23	35	314	246	274	315	0	
23	26	81	48	63	66	0	
23	32	130	97	89	107	0	
23	29	100	67	63	82	0	
23	13	26	9	14	18	0	
23	8	17	4	2	2	0	
23	30	110	70	70	93	0	
23	34	220	125	153	165	0	
23	19	30	18	16	32	0	
23	24	54	35	29	30	0	
23	18	43	22	20	23	0	
23	33	172	137	142	173	0	
23	25	56	44	47	58	0	
23	17	25	6	8	25	0	
23	28	69	39	61	60	0	
23	27	76	45	45	65	0	
23	22	38	29	26	22	0	
23	0	0	0	0	0	42	
23	21	51	25	32	43	0	
23	14	32	13	13	15	0	
23	15	26	10	9	11	0	
23	11	28	7	8	9	0	
23	12	12	3	3	9	0	
23	20	56	25	15	26	0	
23	16	33	10	14	18	0	
23	10	30	7	10	7	0	
23	9	16	2	4	5	0	
23	5	9	2	5	4	0	
23	7	10	2	4	4	0	
23	4	2	1	0	2	0	
23	6	12	2	0	3	0	
24	24	46	43	43	49	0	
24	25	62	39	48	59	0	
24	29	90	63	76	86	0	
24	36	722	638	663	794	0	
24	37	2088	2481	2446	2416	0	
24	27	74	41	46	56	0	
24	38	281	381	381	303	0	
24	21	50	27	25	43	0	
24	35	291	253	272	292	0	
24	32	120	104	99	115	0	
24	26	71	63	47	68	0	
24	16	40	20	13	28	0	
24	17	19	9	12	22	0	
24	30	100	66	73	94	0	
24	33	199	133	139	188	0	
24	34	178	156	156	192	0	
24	0	0	0	0	0	45	
24	28	48	65	45	57	0	
24	31	102	95	97	100	0	
24	9	10	2	3	6	0	
24	22	46	34	18	30	0	
24	20	36	17	25	37	0	
24	18	42	14	15	31	0	
24	6	5	6	3	4	0	
24	23	65	32	30	59	0	
24	15	26	6	8	15	0	
24	7	5	2	4	5	0	
24	13	17	11	11	16	0	
24	19	26	31	24	39	0	
24	8	18	5	3	7	0	
24	5	9	6	4	1	0	
24	10	16	3	5	9	0	
24	12	15	5	7	10	0	
24	14	30	8	11	13	0	
24	11	17	10	6	14	0	
24	4	1	2	1	2	0	
25	37	2151	2423	2356	2382	0	
25	26	84	37	52	53	0	
25	36	737	640	712	735	0	
25	35	363	231	261	332	0	
25	20	40	28	30	35	0	
25	38	320	403	419	275	0	
25	30	97	60	72	87	0	
25	33	195	153	145	179	0	
25	34	219	139	156	182	0	
25	12	17	1	4	9	0	
25	21	41	33	30	47	0	
25	16	46	13	18	21	0	
25	28	74	47	38	69	0	
25	25	65	43	42	51	0	
25	31	122	94	91	90	0	
25	29	95	73	79	76	0	
25	27	65	51	53	49	0	
25	32	131	80	108	123	0	
25	24	46	31	32	41	0	
25	4	3	1	1	1	0	
25	6	11	2	5	6	0	
25	17	24	9	11	23	0	
25	19	36	19	22	23	0	
25	0	0	0	0	0	11	
25	11	24	8	5	10	0	
25	22	33	22	22	33	0	
25	13	26	10	4	16	0	
25	23	62	34	41	54	0	
25	10	23	7	8	12	0	
25	14	30	9	14	21	0	
25	15	20	11	10	10	0	
25	9	12	5	2	6	0	
25	18	34	20	17	22	0	
25	7	10	4	7	5	0	
25	8	19	2	6	5	0	
25	5	7	3	3	2	0	
26	37	2112	2406	2363	2364	0	
26	32	138	102	91	117	0	
26	36	726	704	668	791	0	
26	24	48	25	32	45	0	
26	35	329	205	269	299	0	
26	38	294	445	408	313	0	
26	34	183	154	160	156	0	
26	26	83	41	49	63	0	
26	29	111	69	71	79	0	
26	31	108	98	96	102	0	
26	23	70	37	41	53	0	
26	16	44	19	21	21	0	
26	27	69	40	49	50	0	
26	33	168	119	153	167	0	
26	25	53	35	32	41	0	
26	18	39	20	27	28	0	
26	28	53	49	57	59	0	
26	12	20	6	10	9	0	
26	30	130	72	69	98	0	
26	13	23	5	13	19	0	
26	0	0	0	0	0	26	
26	20	45	22	15	34	0	
26	21	55	34	28	41	0	
26	22	47	28	24	45	0	
26	15	25	7	14	22	0	
26	17	33	14	13	23	0	
26	19	39	20	25	29	0	
26	14	28	9	10	12	0	
26	5	11	6	2	6	0	
26	9	18	3	4	7	0	
26	10	24	7	5	11	0	
26	6	15	3	6	3	0	
26	11	26	4	2	11	0	
26	7	11	1	4	1	0	
26	8	14	8	4	3	0	
26	4	3	2	0	3	0	
27	26	79	46	51	65	0	
27	37	2040	2523	2379	2308	0	
27	29	107	47	64	110	0	
27	28	71	41	47	62	0	
27	35	339	257	272	347	0	
27	11	28	6	7	8	0	
27	27	69	63	53	58	0	
27	36	728	691	650	775	0	
27	38	296	372	409	288	0	
27	32	145	93	88	121	0	
27	21	50	24	32	38	0	
27	24	51	45	26	45	0	
27	33	168	152	147	165	0	
27	34	199	128	163	183	0	
27	20	32	27	18	45	0	
27	23	35	33	37	49	0	
27	31	95	96	89	101	0	
27	30	111	70	76	92	0	
27	12	15	4	10	8	0	
27	25	55	34	40	64	0	
27	15	16	11	11	19	0	
27	22	43	30	27	32	0	
27	18	46	17	19	22	0	
27	16	34	19	12	20	0	
27	6	15	2	6	7	0	
27	19	36	21	21	25	0	
27	14	30	7	12	22	0	
27	13	29	10	12	13	0	
27	7	10	1	4	2	0	
27	17	24	14	16	18	0	
27	8	17	4	6	13	0	
27	10	15	2	8	7	0	
27	9	10	3	6	7	0	
27	5	12	2	2	3	0	
27	0	0	0	0	0	84	
27	4	5	1	2	1	0	
28	37	2231	2371	2473	2277	0	
28	36	693	682	661	737	0	
28	38	317	409	425	318	0	
28	32	131	112	96	121	0	
28	35	329	257	260	288	0	
28	34	185	121	143	206	0	
28	7	14	3	1	7	0	
28	31	109	75	88	106	0	
28	26	74	49	44	56	0	
28	23	56	20	35	60	0	
28	29	94	64	59	86	0	
28	30	88	72	50	94	0	
28	18	36	21	14	27	0	
28	20	33	20	35	36	0	
28	27	56	51	46	56	0	
28	21	53	32	36	37	0	
28	22	50	29	25	41	0	
28	33	172	144	149	194	0	
28	24	64	35	39	49	0	
28	15	26	9	14	15	0	
28	25	68	35	41	48	0	
28	0	0	0	0	0	27	
28	17	34	13	15	19	0	
28	11	31	5	5	13	0	
28	28	76	57	42	70	0	
28	19	42	14	21	39	0	
28	10	13	9	5	11	0	
28	8	19	2	4	3	0	
28	12	19	9	12	4	0	
28	16	41	7	8	28	0	
28	9	15	2	3	12	0	
28	6	13	3	3	4	0	
28	14	19	11	16	24	0	
28	13	25	9	10	11	0	
28	5	7	2	4	2	0	
28	4	5	0	0	0	0	
29	37	2102	2467	2301	2393	0	
29	34	198	158	158	197	0	
29	36	680	680	680	781	0	
29	27	69	45	45	48	0	
29	38	310	388	373	328	0	
29	26	70	57	51	73	0	
29	35	327	262	276	298	0	
29	29	116	67	63	76	0	
29	8	10	3	3	1	0	
29	16	35	23	25	21	0	
29	32	125	97	112	129	0	
29	7	13	6	1	3	0	
29	28	71	47	66	54	0	
29	30	88	82	93	113	0	
29	33	194	130	131	161	0	
29	31	103	87	93	105	0	
29	19	40	19	33	31	0	
29	15	19	13	8	14	0	
29	17	21	18	12	23	0	
29	14	27	13	17	20	0	
29	21	42	24	27	37	0	
29	24	53	34	33	47	0	
29	25	58	38	41	67	0	
29	0	0	0	0	0	33	
29	22	38	24	28	26	0	
29	23	55	31	35	41	0	
29	20	35	33	24	35	0	
29	13	32	6	6	17	0	
29	18	37	12	18	29	0	
29	5	8	7	3	4	0	
29	4	2	0	2	3	0	
29	9	14	5	6	5	0	
29	12	17	8	11	6	0	
29	10	22	3	7	9	0	
29	11	18	10	9	12	0	
29	6	11	5	3	4	0	
30	37	2145	2446	2312	2375	0	
30	36	713	676	702	824	0	
30	32	127	98	97	118	0	
30	30	86	69	70	96	0	
30	35	326	259	261	315	0	
30	22	43	36	24	38	0	
30	38	337	416	388	297	0	
30	34	205	133	161	189	0	
30	19	35	27	20	23	0	
30	24	45	37	43	40	0	
30	33	168	144	142	184	0	
30	29	88	55	71	93	0	
30	15	21	9	10	15	0	
30	13	21	5	11	16	0	
30	18	37	18	22	18	0	
30	28	69	53	58	70	0	
30	16	40	14	14	28	0	
30	25	53	34	46	67	0	
30	23	63	45	36	43	0	
30	31	121	79	79	94	0	
30	27	64	46	52	55	0	
30	0	0	0	0	0	16	
30	26	62	43	48	47	0	
30	17	19	12	11	25	0	
30	20	45	29	29	37	0	
30	21	43	31	24	37	0	
30	10	12	8	3	7	0	
30	11	39	5	3	8	0	
30	12	12	4	4	6	0	
30	14	32	5	10	22	0	
30	7	19	4	4	3	0	
30	6	7	6	4	2	0	
30	9	14	6	5	6	0	
30	5	11	2	0	4	0	
30	8	18	3	8	5	0	
30	4	2	1	2	3	0	
31	36	704	659	634	769	0	
31	31	113	89	83	111	0	
31	34	188	172	166	174	0	
31	37	2094	2423	2334	2439	0	
31	35	306	259	317	296	0	
31	30	84	69	64	116	0	
31	18	37	23	23	37	0	
31	24	61	33	30	43	0	
31	32	126	98	117	119	0	
31	21	41	36	33	25	0	
31	38	298	375	402	373	0	
31	33	188	135	154	191	0	
31	17	13	17	7	13	0	
31	22	41	31	22	33	0	
31	26	74	54	52	54	0	
31	19	25	17	12	31	0	
31	29	93	64	64	86	0	
31	23	49	49	30	62	0	
31	28	70	51	53	57	0	
31	25	62	42	37	47	0	
31	13	28	6	7	21	0	
31	15	19	14	13	21	0	
31	20	43	23	20	46	0	
31	0	0	0	0	0	58	
31	16	37	33	14	28	0	
31	27	53	43	38	55	0	
31	11	19	3	11	11	0	
31	6	11	1	2	4	0	
31	14	28	14	8	15	0	
31	12	16	12	6	5	0	
31	8	12	4	3	8	0	
31	9	12	7	4	9	0	
31	7	10	5	4	4	0	
31	10	16	8	9	6	0	
31	5	7	1	9	3	0	
32	37	2037	2385	2376	2462	0	
32	34	202	158	160	151	0	
32	36	765	637	661	763	0	
32	32	124	82	96	127	0	
32	38	301	375	449	308	0	
32	26	77	56	49	65	0	
32	35	312	238	253	302	0	
32	29	92	62	75	96	0	
32	33	163	171	123	181	0	
32	28	74	43	67	67	0	
32	27	78	43	39	60	0	
32	14	30	10	18	14	0	
32	10	19	5	2	5	0	
32	25	53	37	33	60	0	
32	24	48	36	38	39	0	
32	20	40	27	22	29	0	
32	23	63	38	48	45	0	
32	30	115	57	74	105	0	
32	13	31	7	11	14	0	
32	31	109	93	73	105	0	
32	0	0	0	0	0	65	
32	22	44	23	31	33	0	
32	11	24	11	7	9	0	
32	21	57	35	27	34	0	
32	19	48	26	21	32	0	
32	7	14	4	5	7	0	
32	18	49	10	21	28	0	
32	12	13	7	7	16	0	
32	17	23	8	8	14	0	
32	15	26	9	10	21	0	
32	16	37	15	19	30	0	
32	5	7	5	6	5	0	
32	9	26	4	1	4	0	
32	8	14	5	6	6	0	
32	6	10	2	5	3	0	
32	4	1	0	1	3	0	
33	37	2044	2390	2410	2330	0	
33	38	311	395	422	332	0	
33	32	128	103	85	104	0	
33	36	715	718	676	725	0	
33	29	99	67	79	97	0	
33	27	73	44	41	52	0	
33	28	74	50	48	62	0	
33	35	332	245	264	332	0	
33	34	184	161	161	206	0	
33	21	47	29	28	44	0	
33	26	75	53	62	60	0	
33	18	31	19	27	25	0	
33	24	61	36	27	47	0	
33	30	87	74	78	109	0	
33	33	193	133	129	200	0	
33	25	52	49	37	58	0	
33	16	28	14	15	31	0	
33	31	117	88	104	97	0	
33	23	54	40	31	53	0	
33	22	38	32	30	38	0	
33	0	0	0	0	0	18	
33	13	17	7	9	15	0	
33	20	43	17	22	38	0	
33	19	41	33	19	17	0	
33	12	21	7	9	9	0	
33	8	18	1	5	6	0	
33	17	27	14	12	27	0	
33	9	16	5	10	7	0	
33	6	8	1	5	3	0	
33	14	17	9	14	15	0	
33	10	20	9	6	13	0	
33	15	16	6	19	13	0	
33	11	22	7	8	9	0	
33	4	5	1	0	2	0	
33	5	13	3	3	6	0	
33	7	8	2	4	4	0	
34	37	2045	2395	2386	2302	0	
34	36	716	669	665	758	0	
34	32	148	98	99	138	0	
34	34	218	157	147	201	0	
34	35	339	267	275	313	0	
34	26	74	46	50	50	0	
34	27	65	43	53	70	0	
34	24	65	36	35	42	0	
34	38	353	428	377	288	0	
34	14	33	7	8	17	0	
34	33	169	124	140	207	0	
34	23	65	42	27	60	0	
34	25	61	43	41	68	0	
34	13	28	8	11	20	0	
34	17	13	14	9	16	0	
34	31	121	73	91	104	0	
34	30	96	61	78	88	0	
34	21	56	24	37	39	0	
34	20	40	23	27	26	0	
34	0	0	0	0	0	37	
34	29	93	68	62	75	0	
34	15	23	16	9	17	0	
34	16	40	16	18	22	0	
34	28	68	56	57	73	0	
34	22	48	25	20	32	0	
34	7	17	4	4	8	0	
34	11	16	8	6	12	0	
34	18	36	25	18	29	0	
34	8	24	7	1	12	0	
34	12	19	7	8	10	0	
34	19	37	12	13	26	0	
34	5	7	4	3	2	0	
34	10	16	7	6	14	0	
34	4	2	3	6	3	0	
34	6	15	5	5	4	0	
34	9	12	8	6	12	0	
35	26	78	55	54	68	0	
35	36	764	690	636	783	0	
35	37	2008	2424	2268	2271	0	
35	33	190	136	147	193	0	
35	35	306	258	304	305	0	
35	38	331	395	457	327	0	
35	29	126	70	71	82	0	
35	34	220	142	155	173	0	
35	25	67	36	46	51	0	
35	32	139	94	91	126	0	
35	30	97	65	90	100	0	
35	27	75	39	41	50	0	
35	0	0	0	0	0	25	
35	23	49	37	28	43	0	
35	24	60	50	36	51	0	
35	31	105	86	68	102	0	
35	10	22	3	2	11	0	
35	19	51	23	19	27	0	
35	14	30	19	9	18	0	
35	28	85	32	62	62	0	
35	18	43	20	20	34	0	
35	21	42	38	37	45	0	
35	17	23	16	15	18	0	
35	22	35	41	28	49	0	
35	16	41	18	14	27	0	
35	11	23	9	11	18	0	
35	6	11	5	2	4	0	
35	5	11	3	5	5	0	
35	20	42	22	28	37	0	
35	13	26	10	6	16	0	
35	8	15	5	3	4	0	
35	12	19	3	7	14	0	
35	15	20	10	16	12	0	
35	9	17	5	3	9	0	
35	4	3	0	2	0	0	
35	7	14	1	5	6	0	
36	37	2046	2443	2329	2324	0	
36	30	102	76	72	99	0	
36	35	330	238	255	331	0	
36	38	357	423	422	313	0	
36	36	754	690	698	718	0	
36	23	70	51	38	50	0	
36	33	183	146	145	150	0	
36	0	0	0	0	0	10	
36	26	68	41	43	70	0	
36	24	52	29	35	39	0	
36	34	201	159	130	190	0	
36	29	95	68	51	85	0	
36	32	122	113	94	141	0	
36	25	73	54	30	59	0	
36	31	101	86	89	98	0	
36	22	37	24	19	31	0	
36	28	80	44	47	78	0	
36	16	39	17	21	29	0	
36	21	54	34	33	49	0	
36	27	67	56	50	52	0	
36	20	29	25	24	31	0	
36	18	37	24	20	35	0	
36	17	25	17	8	15	0	
36	12	13	9	5	12	0	
36	14	22	5	7	21	0	
36	13	21	5	9	24	0	
36	19	28	27	18	42	0	
36	4	2	1	4	1	0	
36	7	22	2	4	4	0	
36	15	28	9	8	13	0	
36	11	22	7	9	17	0	
36	8	14	0	8	8	0	
36	9	16	7	1	6	0	
36	6	10	1	2	7	0	
36	5	10	3	6	2	0	
36	10	18	5	14	11	0	
37	37	2066	2437	2288	2262	0	
37	36	733	697	673	747	0	
37	33	182	155	125	170	0	
37	38	333	430	441	313	0	
37	24	68	38	24	39	0	
37	35	318	277	241	320	0	
37	27	64	59	44	59	0	
37	30	127	83	87	97	0	
37	29	94	59	77	79	0	
37	14	35	15	13	25	0	
37	31	109	89	85	104	0	
37	17	23	19	11	23	0	
37	23	71	30	39	60	0	
37	8	21	8	2	6	0	
37	32	139	100	95	119	0	
37	26	63	46	52	71	0	
37	13	28	7	16	25	0	
37	28	81	57	46	53	0	
37	20	41	24	30	38	0	
37	21	57	26	28	36	0	
37	34	218	158	141	188	0	
37	25	69	42	28	49	0	
37	22	38	29	24	31	0	
37	0	0	0	0	0	16	
37	16	43	13	19	23	0	
37	19	42	22	15	32	0	
37	18	39	22	18	28	0	
37	4	1	0	2	1	0	
37	11	17	7	10	7	0	
37	12	15	8	8	12	0	
37	10	15	8	6	12	0	
37	7	14	3	3	5	0	
37	15	19	9	3	15	0	
37	6	14	6	7	5	0	
37	9	13	3	6	9	0	
37	5	11	0	5	2	0	
38	37	2045	2384	2327	2290	0	
38	28	62	58	42	66	0	
38	33	169	119	161	196	0	
38	35	348	256	288	328	0	
38	38	354	422	427	330	0	
38	36	771	628	711	736	0	
38	32	137	100	90	120	0	
38	34	190	120	155	196	0	
38	30	108	71	91	100	0	
38	26	73	39	44	52	0	
38	29	95	69	68	75	0	
38	9	23	4	2	6	0	
38	23	68	30	28	54	0	
38	21	53	28	35	35	0	
38	18	44	33	17	39	0	
38	15	28	8	13	13	0	
38	24	62	26	38	50	0	
38	7	11	2	7	2	0	
38	31	117	81	87	104	0	
38	27	59	55	41	74	0	
38	11	26	5	6	11	0	
38	0	0	0	0	0	24	
38	25	51	33	44	50	0	
38	20	49	28	30	31	0	
38	14	27	13	17	25	0	
38	22	44	26	21	35	0	
38	16	38	17	15	37	0	
38	17	33	6	16	19	0	
38	6	18	4	6	6	0	
38	4	0	0	1	2	0	
38	13	23	8	10	18	0	
38	19	40	19	14	34	0	
38	12	16	11	5	10	0	
38	10	11	5	5	10	0	
38	8	13	2	8	10	0	
38	5	15	4	6	1	0	
39	37	1994	2408	2323	2299	0	
39	36	719	684	680	823	0	
39	34	199	161	144	169	0	
39	33	185	120	125	192	0	
39	38	344	439	426	325	0	
39	29	95	70	59	82	0	
39	32	163	119	93	104	0	
39	35	320	299	266	318	0	
39	5	7	5	6	2	0	
39	25	51	39	35	60	0	
39	30	116	67	69	99	0	
39	31	118	87	85	100	0	
39	27	61	48	41	53	0	
39	17	25	7	12	22	0	
39	26	65	62	42	59	0	
39	21	53	27	29	42	0	
39	24	55	34	36	42	0	
39	16	36	22	19	38	0	
39	19	51	22	13	29	0	
39	28	70	41	45	66	0	
39	23	73	40	40	45	0	
39	20	33	21	23	43	0	
39	12	18	5	5	6	0	
39	22	45	29	24	39	0	
39	18	49	21	17	30	0	
39	9	19	6	9	9	0	
39	14	31	9	7	28	0	
39	8	18	4	4	10	0	
39	15	29	10	9	25	0	
39	13	17	6	7	26	0	
39	11	30	7	4	9	0	
39	10	16	4	8	11	0	
39	7	16	0	5	9	0	
39	6	8	2	2	7	0	
39	0	0	0	0	0	4	
39	4	3	1	2	3	0	
40	36	765	706	666	775	0	
40	37	2049	2349	2356	2336	0	
40	35	325	267	253	330	0	
40	18	53	19	28	31	0	
40	38	329	427	422	335	0	
40	33	197	112	141	161	0	
40	14	38	13	17	22	0	
40	27	67	50	40	61	0	
40	31	107	80	86	114	0	
40	29	82	61	65	75	0	
40	23	58	38	32	46	0	
40	34	196	162	140	176	0	
40	30	119	76	64	91	0	
40	28	78	41	58	62	0	
40	11	17	8	6	13	0	
40	17	31	6	16	5	0	
40	26	67	41	48	59	0	
40	16	40	21	19	35	0	
40	25	52	45	47	49	0	
40	24	59	33	37	47	0	
40	32	128	104	102	134	0	
40	13	26	10	19	21	0	
40	19	34	28	20	31	0	
40	22	41	27	25	25	0	
40	0	0	0	0	0	48	
40	6	20	3	6	6	0	
40	21	42	20	32	50	0	
40	15	14	13	10	18	0	
40	7	15	6	3	7	0	
40	20	45	17	18	32	0	
40	12	11	4	5	13	0	
40	9	13	2	7	4	0	
40	5	9	4	2	2	0	
40	10	19	5	4	13	0	
40	4	4	0	2	3	0	
40	8	10	4	6	6	0	
41	37	2046	2410	2335	2323	0	
41	36	714	649	655	785	0	
41	24	60	39	32	50	0	
41	22	46	22	26	45	0	
41	30	97	75	68	98	0	
41	38	294	457	417	296	0	
41	34	194	150	151	174	0	
41	25	61	48	40	63	0	
41	33	161	147	123	191	0	
41	29	87	73	78	97	0	
41	26	89	42	38	67	0	
41	35	344	233	267	326	0	
41	21	59	30	30	51	0	
41	17	21	13	15	30	0	
41	32	132	91	101	105	0	
41	28	84	52	53	65	0	
41	31	117	68	95	117	0	
41	27	61	36	46	56	0	
41	23	64	29	40	49	0	
41	19	38	22	24	27	0	
41	20	54	22	20	36	0	
41	15	22	13	8	18	0	
41	18	43	15	23	31	0	
41	12	21	6	8	8	0	
41	14	40	14	14	15	0	
41	0	0	0	0	0	16	
41	16	42	18	24	35	0	
41	7	16	2	3	7	0	
41	13	26	7	14	15	0	
41	10	23	6	7	15	0	
41	8	8	1	4	12	0	
41	6	18	1	4	6	0	
41	11	19	9	14	16	0	
41	9	21	4	4	15	0	
41	5	11	5	5	1	0	
41	4	6	2	2	1	0	
42	37	1955	2435	2402	2270	0	
42	36	687	658	678	795	0	
42	35	315	266	243	315	0	
42	30	113	71	79	96	0	
42	34	203	162	147	192	0	
42	38	334	447	415	334	0	
42	33	183	163	138	186	0	
42	10	20	8	8	13	0	
42	17	23	18	12	27	0	
42	27	57	50	43	52	0	
42	32	122	117	95	117	0	
42	19	42	10	23	24	0	
42	26	67	55	46	62	0	
42	31	87	86	94	109	0	
42	25	49	56	36	48	0	
42	21	56	29	31	45	0	
42	8	12	3	7	9	0	
42	22	39	26	39	42	0	
42	23	43	36	40	56	0	
42	28	77	58	57	58	0	
42	29	98	61	65	90	0	
42	24	44	35	33	41	0	
42	20	38	24	24	35	0	
42	0	0	0	0	0	44	
42	13	32	6	9	22	0	
42	5	12	12	3	3	0	
42	15	18	14	18	19	0	
42	16	40	17	12	28	0	
42	11	23	9	7	7	0	
42	12	22	11	7	9	0	
42	18	34	17	19	38	0	
42	6	7	2	3	6	0	
42	14	32	9	17	20	0	
42	4	7	1	2	3	0	
42	7	15	6	7	11	0	
42	9	18	6	3	4	0	
43	37	2023	2425	2349	2272	0	
43	38	349	434	457	357	0	
43	23	58	44	42	54	0	
43	34	189	171	159	184	0	
43	36	711	665	640	719	0	
43	28	77	46	51	68	0	
43	33	191	151	156	170	0	
43	35	332	244	276	304	0	
43	27	67	51	48	66	0	
43	32	118	101	110	105	0	
43	30	106	71	60	82	0	
43	22	56	19	33	38	0	
43	29	118	70	83	93	0	
43	26	70	47	60	58	0	
43	16	34	18	22	31	0	
43	31	121	83	84	92	0	
43	0	0	0	0	0	39	
43	25	54	42	36	51	0	
43	20	35	27	25	24	0	
43	17	21	15	15	23	0	
43	14	23	9	7	24	0	
43	9	12	6	11	6	0	
43	21	41	40	31	38	0	
43	18	38	21	26	39	0	
43	24	52	25	32	49	0	
43	7	18	1	3	6	0	
43	15	20	12	9	18	0	
43	11	18	7	10	14	0	
43	6	17	4	1	7	0	
43	19	37	20	19	27	0	
43	10	14	8	7	16	0	
43	13	31	13	9	18	0	
43	5	10	4	6	6	0	
43	12	15	6	5	7	0	
43	8	16	1	4	7	0	
43	4	4	1	1	3	0	
44	37	2030	2313	2298	2261	0	
44	36	747	684	704	787	0	
44	28	90	53	61	71	0	
44	33	211	125	140	179	0	
44	38	335	387	413	364	0	
44	32	143	79	100	121	0	
44	26	74	48	55	72	0	
44	35	311	258	288	308	0	
44	34	185	170	151	188	0	
44	31	102	92	87	108	0	
44	8	23	3	8	13	0	
44	23	57	39	49	57	0	
44	30	123	65	94	88	0	
44	17	21	10	20	27	0	
44	22	52	29	25	36	0	
44	27	76	51	43	61	0	
44	14	27	16	12	22	0	
44	19	49	29	15	37	0	
44	21	39	24	36	53	0	
44	25	72	40	45	50	0	
44	20	31	27	16	28	0	
44	0	0	0	0	0	16	
44	29	85	72	58	67	0	
44	12	11	13	10	15	0	
44	18	48	21	25	32	0	
44	6	11	4	3	3	0	
44	16	37	20	8	24	0	
44	15	25	11	10	16	0	
44	24	55	34	31	49	0	
44	13	29	9	14	16	0	
44	5	6	3	10	6	0	
44	11	19	7	2	12	0	
44	7	11	3	6	6	0	
44	10	21	8	15	6	0	
44	9	19	5	3	8	0	
44	4	6	1	1	3	0	
45	37	1950	2388	2356	2305	0	
45	36	731	694	698	732	0	
45	38	318	437	463	339	0	
45	35	297	278	269	352	0	
45	33	190	142	125	187	0	
45	18	33	24	24	21	0	
45	34	207	152	151	166	0	
45	15	17	18	10	20	0	
45	27	59	45	39	70	0	
45	19	40	26	20	42	0	
45	5	3	8	4	7	0	
45	30	91	72	70	85	0	
45	26	100	56	54	68	0	
45	17	20	21	20	23	0	
45	29	91	65	71	73	0	
45	32	142	98	109	133	0	
45	13	26	10	9	13	0	
45	11	32	10	8	23	0	
45	31	90	78	88	118	0	
45	16	44	18	21	23	0	
45	20	42	24	30	31	0	
45	7	9	1	10	12	0	
45	0	0	0	0	0	14	
45	22	32	21	26	46	0	
45	28	75	50	40	62	0	
45	21	51	30	28	40	0	
45	25	61	49	36	51	0	
45	8	16	6	5	12	0	
45	24	54	32	27	35	0	
45	23	58	47	32	51	0	
45	14	26	8	14	16	0	
45	12	23	6	6	19	0	
45	10	22	4	4	6	0	
45	9	14	8	5	9	0	
45	4	5	3	1	2	0	
45	6	9	4	4	6	0	
46	37	2052	2345	2336	2239	0	
46	38	354	399	410	325	0	
46	20	40	25	19	25	0	
46	30	117	81	81	98	0	
46	35	331	294	252	330	0	
46	22	48	30	33	34	0	
46	31	105	90	73	101	0	
46	36	746	653	677	755	0	
46	29	98	71	95	89	0	
46	27	64	45	58	66	0	
46	19	45	17	31	23	0	
46	34	186	155	154	225	0	
46	25	74	40	48	58	0	
46	28	81	46	55	70	0	
46	32	142	103	103	119	0	
46	33	181	122	136	167	0	
46	15	33	10	12	16	0	
46	24	49	29	39	48	0	
46	26	72	43	40	51	0	
46	23	63	45	33	54	0	
46	13	27	9	8	16	0	
46	7	12	1	3	8	0	
46	21	55	37	31	40	0	
46	16	29	22	18	28	0	
46	8	11	8	5	16	0	
46	17	27	21	13	18	0	
46	11	20	8	4	16	0	
46	18	38	22	15	32	0	
46	14	28	13	7	22	0	
46	12	21	6	13	9	0	
46	10	24	7	6	11	0	
46	5	8	3	6	5	0	
46	9	10	5	6	10	0	
46	6	20	3	3	7	0	
46	0	0	0	0	0	13	
46	4	5	2	4	3	0	
47	37	2064	2347	2245	2322	0	
47	6	11	4	7	4	0	
47	36	781	636	629	764	0	
47	38	370	433	476	362	0	
47	35	321	283	249	315	0	
47	30	104	66	64	64	0	
47	32	143	132	100	112	0	
47	15	33	17	16	17	0	
47	24	54	48	34	41	0	
47	26	84	52	44	75	0	
47	7	23	4	3	6	0	
47	16	44	24	13	30	0	
47	34	214	129	144	184	0	
47	27	59	53	39	53	0	
47	10	25	11	4	12	0	
47	33	210	126	131	172	0	
47	12	13	5	12	16	0	
47	20	35	26	28	36	0	
47	28	77	51	48	71	0	
47	22	40	27	23	23	0	
47	31	124	101	77	103	0	
47	18	38	26	20	32	0	
47	23	64	42	34	41	0	
47	0	0	0	0	0	39	
47	5	9	4	2	6	0	
47	25	44	36	28	55	0	
47	21	46	28	24	36	0	
47	29	88	74	69	77	0	
47	19	49	20	24	34	0	
47	14	30	11	7	20	0	
47	8	18	5	4	8	0	
47	11	14	7	5	14	0	
47	17	38	17	15	10	0	
47	13	28	7	12	16	0	
47	9	23	2	7	8	0	
47	4	7	1	3	2	0	
48	37	1958	2496	2280	2264	0	
48	34	209	133	152	194	0	
48	35	318	257	280	318	0	
48	38	341	484	419	399	0	
48	24	55	37	36	53	0	
48	29	93	59	63	80	0	
48	26	86	44	51	59	0	
48	28	86	53	42	74	0	
48	36	758	661	641	745	0	
48	31	92	94	92	128	0	
48	25	58	34	50	58	0	
48	23	57	34	36	51	0	
48	27	53	52	51	61	0	
48	30	96	72	86	83	0	
48	33	190	134	125	179	0	
48	21	66	34	38	36	0	
48	18	45	18	11	33	0	
48	32	129	101	96	112	0	
48	19	37	22	17	38	0	
48	22	45	20	26	24	0	
48	0	0	0	0	0	10	
48	20	36	26	28	28	0	
48	13	23	13	11	12	0	
48	4	6	0	4	2	0	
48	17	34	19	9	16	0	
48	14	36	18	13	20	0	
48	15	25	8	10	12	0	
48	11	24	9	7	10	0	
48	8	11	5	4	6	0	
48	5	10	4	6	7	0	
48	10	19	6	10	10	0	
48	16	34	14	22	27	0	
48	12	26	5	7	15	0	
48	7	8	2	7	8	0	
48	9	18	3	8	7	0	
48	6	12	2	13	3	0	
49	36	762	658	649	782	0	
49	37	2004	2351	2262	2343	0	
49	27	67	55	48	61	0	
49	31	110	92	90	89	0	
49	34	203	128	161	183	0	
49	38	349	423	455	359	0	
49	33	194	139	125	157	0	
49	29	91	67	63	96	0	
49	35	334	298	273	316	0	
49	26	71	42	51	59	0	
49	32	136	110	103	125	0	
49	18	39	29	18	29	0	
49	22	33	29	27	26	0	
49	24	49	30	41	47	0	
49	28	80	46	56	69	0	
49	25	65	42	33	50	0	
49	30	101	60	77	90	0	
49	21	42	31	35	49	0	
49	23	72	36	41	50	0	
49	20	39	20	19	44	0	
49	9	17	5	9	12	0	
49	19	36	30	21	40	0	
49	12	19	5	12	13	0	
49	15	23	15	17	14	0	
49	13	33	7	8	15	0	
49	16	31	11	8	34	0	
49	17	43	11	14	20	0	
49	4	10	2	3	2	0	
49	8	11	10	10	11	0	
49	5	9	4	8	6	0	
49	6	15	6	7	9	0	
49	14	28	11	14	16	0	
49	11	17	8	11	7	0	
49	10	11	4	4	6	0	
49	7	19	0	4	13	0	
49	0	0	0	0	0	3	
50	37	1943	2173	2305	2301	0	
50	29	107	78	76	84	0	
50	36	737	653	625	791	0	
50	28	89	49	58	47	0	
50	32	146	87	103	126	0	
50	33	180	149	155	192	0	
50	38	380	460	468	376	0	
50	34	233	134	153	205	0	
50	35	339	275	250	331	0	
50	21	39	33	43	40	0	
50	30	98	61	69	95	0	
50	27	65	63	53	56	0	
50	20	32	28	31	38	0	
50	24	53	40	44	44	0	
50	26	54	53	46	68	0	
50	31	103	77	92	103	0	
50	18	48	25	22	37	0	
50	23	64	37	28	58	0	
50	8	28	4	10	10	0	
50	22	44	31	26	42	0	
50	14	39	11	8	15	0	
50	19	34	16	24	38	0	
50	17	20	16	9	13	0	
50	15	29	14	14	13	0	
50	5	13	3	4	4	0	
50	11	28	10	9	15	0	
50	25	54	33	38	42	0	
50	0	0	0	0	0	62	
50	9	20	6	3	13	0	
50	12	15	6	9	15	0	
50	7	9	10	7	10	0	
50	16	34	19	15	33	0	
50	10	23	10	5	13	0	
50	6	17	5	7	9	0	
50	4	2	0	5	2	0	
50	13	19	10	16	12	0	
51	24	67	43	34	49	0	
51	37	1950	2401	2265	2259	0	
51	22	39	29	24	37	0	
51	38	338	470	439	351	0	
51	36	705	733	644	778	0	
51	32	144	114	108	134	0	
51	31	109	75	82	97	0	
51	27	75	45	43	50	0	
51	33	164	135	155	173	0	
51	25	57	53	44	36	0	
51	35	299	281	231	327	0	
51	26	76	41	45	69	0	
51	34	220	166	162	166	0	
51	30	85	80	73	74	0	
51	20	42	29	32	42	0	
51	29	83	61	46	85	0	
51	19	41	19	18	32	0	
51	7	16	5	7	5	0	
51	28	92	49	74	65	0	
51	5	18	4	9	4	0	
51	0	0	0	0	0	33	
51	23	70	47	41	51	0	
51	17	31	16	15	29	0	
51	21	58	36	25	35	0	
51	11	24	11	14	11	0	
51	16	45	22	20	30	0	
51	13	18	16	15	23	0	
51	10	20	3	10	10	0	
51	6	10	2	6	3	0	
51	18	59	18	15	29	0	
51	14	34	8	12	21	0	
51	12	23	6	11	5	0	
51	15	17	9	9	15	0	
51	9	19	7	8	9	0	
51	8	15	2	6	7	0	
51	4	5	5	4	1	0	
52	35	326	246	292	277	0	
52	37	2033	2287	2333	2290	0	
52	34	219	160	161	202	0	
52	32	133	95	85	118	0	
52	36	724	687	665	761	0	
52	33	163	141	160	160	0	
52	38	369	434	468	353	0	
52	31	122	92	84	101	0	
52	29	100	72	75	85	0	
52	30	95	67	84	85	0	
52	23	61	33	43	52	0	
52	25	59	40	34	49	0	
52	21	50	35	37	41	0	
52	16	31	13	15	29	0	
52	27	58	60	42	52	0	
52	26	73	49	39	71	0	
52	24	37	35	39	54	0	
52	20	41	28	24	40	0	
52	17	24	21	22	17	0	
52	8	14	5	7	11	0	
52	15	25	11	13	28	0	
52	22	53	35	24	23	0	
52	28	66	46	48	82	0	
52	7	12	8	9	8	0	
52	11	28	4	4	16	0	
52	19	40	31	27	32	0	
52	12	20	7	9	8	0	
52	0	0	0	0	0	11	
52	13	25	12	13	13	0	
52	18	40	19	20	23	0	
52	10	22	5	6	12	0	
52	9	16	5	4	9	0	
52	5	14	1	6	5	0	
52	14	32	13	17	19	0	
52	6	10	4	2	7	0	
52	4	2	3	1	3	0	
53	37	1960	2318	2258	2353	0	
53	38	348	424	459	383	0	
53	20	37	18	40	27	0	
53	36	719	656	614	758	0	
53	34	223	154	163	201	0	
53	30	92	61	86	97	0	
53	35	357	255	267	300	0	
53	24	49	36	28	42	0	
53	21	46	33	39	50	0	
53	22	48	22	32	33	0	
53	10	16	6	8	9	0	
53	32	148	111	110	115	0	
53	25	57	36	48	44	0	
53	8	23	3	5	15	0	
53	26	85	54	50	68	0	
53	31	115	77	89	111	0	
53	33	182	122	139	185	0	
53	19	47	20	25	32	0	
53	29	103	60	68	87	0	
53	23	51	39	33	44	0	
53	18	48	12	24	30	0	
53	27	57	53	55	59	0	
53	28	65	60	62	69	0	
53	7	16	3	6	14	0	
53	0	0	0	0	0	21	
53	16	38	20	22	30	0	
53	13	24	14	19	19	0	
53	12	17	7	7	11	0	
53	15	34	18	13	16	0	
53	14	33	12	11	16	0	
53	17	17	14	13	20	0	
53	6	17	5	6	8	0	
53	5	19	3	11	5	0	
53	9	10	4	7	6	0	
53	4	7	5	5	3	0	
53	11	18	11	12	13	0	
54	37	2007	2324	2247	2272	0	
54	38	405	444	492	400	0	
54	33	153	143	146	181	0	
54	36	730	639	677	717	0	
54	34	190	156	149	194	0	
54	30	85	78	56	87	0	
54	28	83	56	45	56	0	
54	31	134	78	83	107	0	
54	21	52	28	20	41	0	
54	26	61	46	45	64	0	
54	19	44	22	21	38	0	
54	22	39	38	30	32	0	
54	32	114	111	107	130	0	
54	35	339	279	258	304	0	
54	23	68	42	46	51	0	
54	25	66	39	36	54	0	
54	29	100	65	82	90	0	
54	18	44	21	21	30	0	
54	0	0	0	0	0	38	
54	20	29	18	24	36	0	
54	24	56	37	38	45	0	
54	13	20	14	13	15	0	
54	17	36	15	10	19	0	
54	15	39	10	7	27	0	
54	27	70	50	44	65	0	
54	7	18	6	6	5	0	
54	11	25	11	10	13	0	
54	5	10	5	5	4	0	
54	4	4	2	2	7	0	
54	16	39	13	19	21	0	
54	9	12	5	7	13	0	
54	14	27	11	16	11	0	
54	6	14	7	2	6	0	
54	8	20	3	8	14	0	
54	12	13	12	6	12	0	
54	10	24	4	9	12	0	
55	35	319	271	284	316	0	
55	38	385	482	449	354	0	
55	9	21	10	7	8	0	
55	37	1912	2354	2259	2265	0	
55	28	80	49	48	56	0	
55	36	710	720	652	777	0	
55	29	81	75	84	74	0	
55	32	137	97	104	116	0	
55	24	54	30	32	42	0	
55	16	46	20	17	33	0	
55	22	39	24	20	40	0	
55	34	207	147	176	189	0	
55	30	99	61	83	93	0	
55	27	82	56	50	60	0	
55	31	123	103	70	108	0	
55	26	84	48	46	70	0	
55	33	172	126	140	181	0	
55	14	23	12	20	24	0	
55	7	18	9	6	4	0	
55	20	37	29	15	39	0	
55	19	36	15	21	39	0	
55	25	59	27	50	47	0	
55	0	0	0	0	0	30	
55	23	45	42	32	54	0	
55	21	59	29	30	50	0	
55	13	31	10	8	11	0	
55	15	22	17	12	12	0	
55	18	42	17	17	22	0	
55	17	27	18	15	14	0	
55	11	28	14	7	18	0	
55	10	20	5	12	15	0	
55	5	10	3	5	9	0	
55	12	18	5	11	9	0	
55	6	18	10	4	10	0	
55	8	17	5	3	9	0	
55	4	4	3	3	2	0	
56	37	1921	2293	2244	2274	0	
56	33	195	128	131	172	0	
56	30	93	83	84	89	0	
56	38	366	453	490	367	0	
56	36	746	641	678	711	0	
56	31	130	82	90	97	0	
56	32	127	101	95	115	0	
56	34	205	150	160	211	0	
56	27	63	50	51	51	0	
56	22	44	30	30	41	0	
56	35	313	268	276	335	0	
56	21	46	33	28	46	0	
56	25	62	49	34	56	0	
56	12	30	8	8	8	0	
56	29	99	82	77	80	0	
56	0	0	0	0	0	43	
56	19	32	25	25	31	0	
56	17	38	12	14	22	0	
56	26	68	41	56	74	0	
56	24	65	26	42	42	0	
56	20	58	26	23	36	0	
56	28	72	52	50	73	0	
56	23	65	40	52	51	0	
56	8	19	6	13	11	0	
56	16	38	14	16	25	0	
56	6	12	8	8	7	0	
56	14	36	18	12	18	0	
56	18	59	20	18	27	0	
56	7	14	10	7	9	0	
56	15	15	15	12	17	0	
56	10	14	9	6	13	0	
56	9	20	4	6	12	0	
56	11	24	11	12	16	0	
56	13	24	6	8	16	0	
56	5	12	5	8	8	0	
56	4	3	1	2	2	0	
57	37	1906	2491	2213	2223	0	
57	36	715	678	696	713	0	
57	30	121	75	72	93	0	
57	33	167	128	143	153	0	
57	34	213	140	177	203	0	
57	38	368	464	436	391	0	
57	31	117	83	92	112	0	
57	32	137	108	108	123	0	
57	26	79	42	39	46	0	
57	20	43	15	19	33	0	
57	28	73	51	54	71	0	
57	35	346	286	275	298	0	
57	10	24	12	10	14	0	
57	17	20	11	14	30	0	
57	25	59	38	40	55	0	
57	19	33	21	25	35	0	
57	16	38	11	22	31	0	
57	27	60	53	49	70	0	
57	24	46	32	36	45	0	
57	23	57	40	39	54	0	
57	7	24	8	4	5	0	
57	13	26	11	9	8	0	
57	5	10	7	6	7	0	
57	22	45	36	20	28	0	
57	18	40	28	16	30	0	
57	9	19	7	8	10	0	
57	29	84	65	52	96	0	
57	21	58	28	27	43	0	
57	6	26	5	8	3	0	
57	15	30	8	11	17	0	
57	12	29	7	11	19	0	
57	14	34	13	13	9	0	
57	8	14	5	12	8	0	
57	0	0	0	0	0	42	
57	11	21	7	6	15	0	
57	4	2	3	2	2	0	
58	29	110	66	57	97	0	
58	36	736	624	644	748	0	
58	32	128	97	96	113	0	
58	33	195	141	139	182	0	
58	37	1933	2417	2275	2231	0	
58	27	90	53	40	56	0	
58	38	362	469	440	363	0	
58	28	82	61	62	79	0	
58	34	225	143	154	195	0	
58	26	77	61	45	49	0	
58	35	326	259	288	330	0	
58	30	72	65	68	96	0	
58	31	122	102	87	91	0	
58	24	62	40	41	46	0	
58	25	55	45	52	47	0	
58	18	41	25	11	35	0	
58	15	21	13	16	20	0	
58	0	0	0	0	0	10	
58	23	70	33	42	46	0	
58	22	43	33	32	25	0	
58	8	12	5	7	10	0	
58	6	13	9	7	5	0	
58	16	31	25	27	33	0	
58	19	37	18	31	29	0	
58	21	56	36	30	42	0	
58	14	25	8	14	15	0	
58	17	18	15	19	16	0	
58	13	21	9	15	23	0	
58	20	55	21	20	36	0	
58	5	17	4	9	6	0	
58	12	16	11	7	11	0	
58	9	16	6	6	5	0	
58	11	27	9	9	11	0	
58	7	15	3	9	9	0	
58	10	18	6	7	13	0	
58	4	5	2	3	2	0	
59	35	353	254	316	332	0	
59	37	1960	2305	2247	2250	0	
59	38	379	432	412	384	0	
59	27	79	56	45	80	0	
59	24	52	25	37	44	0	
59	33	185	127	153	157	0	
59	25	65	39	41	45	0	
59	36	735	638	690	759	0	
59	30	106	58	76	89	0	
59	34	216	170	161	170	0	
59	28	68	52	48	69	0	
59	31	127	88	85	95	0	
59	20	42	19	22	39	0	
59	14	32	14	10	21	0	
59	32	143	113	92	107	0	
59	18	35	23	30	31	0	
59	29	110	65	70	98	0	
59	21	54	31	40	41	0	
59	8	22	15	10	11	0	
59	26	64	44	49	49	0	
59	23	45	33	32	58	0	
59	0	0	0	0	0	33	
59	19	43	22	19	34	0	
59	15	25	13	7	14	0	
59	13	22	16	13	19	0	
59	22	36	22	35	45	0	
59	17	34	16	7	23	0	
59	11	28	10	9	10	0	
59	12	24	5	6	9	0	
59	16	46	14	22	27	0	
59	7	13	8	7	13	0	
59	9	20	6	9	7	0	
59	6	19	7	8	9	0	
59	10	23	6	10	8	0	
59	4	6	1	1	6	0	
59	5	14	6	9	8	0	
60	37	1860	2395	2235	2231	0	
60	36	711	684	669	742	0	
60	28	75	53	43	61	0	
60	13	33	10	6	25	0	
60	30	91	61	67	95	0	
60	38	353	483	462	364	0	
60	16	38	18	18	16	0	
60	35	329	285	259	309	0	
60	33	174	144	133	204	0	
60	27	65	52	42	48	0	
60	29	77	57	78	93	0	
60	34	232	158	124	196	0	
60	21	47	34	33	47	0	
60	17	20	11	17	14	0	
60	25	60	48	50	50	0	
60	31	134	74	84	123	0	
60	11	33	8	5	11	0	
60	32	165	109	114	126	0	
60	22	52	20	39	31	0	
60	18	34	18	28	29	0	
60	23	54	41	40	43	0	
60	0	0	0	0	0	18	
60	5	8	7	6	11	0	
60	24	58	32	50	70	0	
60	19	45	32	23	29	0	
60	15	25	12	12	18	0	
60	14	22	10	20	24	0	
60	26	74	46	58	60	0	
60	20	36	21	25	37	0	
60	12	13	16	10	14	0	
60	10	23	12	7	14	0	
60	6	19	8	9	11	0	
60	9	22	4	11	8	0	
60	8	21	2	6	13	0	
60	7	20	4	10	10	0	
60	4	5	4	5	6	0	
61	37	1918	2329	2242	2185	0	
61	36	745	667	652	685	0	
61	26	76	48	42	52	0	
61	38	383	466	462	355	0	
61	35	320	260	275	293	0	
61	29	95	78	64	92	0	
61	34	207	157	172	188	0	
61	13	33	7	14	27	0	
61	22	33	28	22	39	0	
61	0	0	0	0	0	114	
61	12	24	9	15	13	0	
61	30	106	79	83	95	0	
61	33	179	145	138	168	0	
61	32	141	113	100	124	0	
61	28	68	43	42	64	0	
61	23	62	39	39	49	0	
61	25	65	39	38	55	0	
61	27	84	57	50	45	0	
61	31	124	88	92	117	0	
61	21	52	30	28	34	0	
61	17	35	13	18	18	0	
61	20	36	25	25	40	0	
61	11	27	9	16	20	0	
61	24	45	38	31	57	0	
61	16	40	21	22	17	0	
61	14	26	11	11	35	0	
61	10	24	11	8	12	0	
61	19	50	27	28	32	0	
61	15	17	14	17	19	0	
61	9	26	4	12	7	0	
61	18	36	23	20	27	0	
61	8	19	6	4	13	0	
61	6	22	9	8	10	0	
61	7	17	9	7	9	0	
61	5	11	7	12	7	0	
61	4	9	0	7	3	0	
62	37	1878	2262	2235	2214	0	
62	36	757	626	693	765	0	
62	38	369	473	448	362	0	
62	22	56	30	27	28	0	
62	35	339	251	300	293	0	
62	24	50	24	32	37	0	
62	23	56	35	41	43	0	
62	31	138	102	81	120	0	
62	34	192	157	170	219	0	
62	30	108	53	77	106	0	
62	15	33	13	11	21	0	
62	21	43	32	36	49	0	
62	29	95	71	86	71	0	
62	26	73	36	56	67	0	
62	10	19	9	9	12	0	
62	20	38	28	28	30	0	
62	33	180	131	155	167	0	
62	32	134	121	113	127	0	
62	11	31	10	9	18	0	
62	28	93	51	59	63	0	
62	25	52	40	44	55	0	
62	18	33	22	33	38	0	
62	13	32	12	5	22	0	
62	17	38	13	15	20	0	
62	27	68	50	58	67	0	
62	16	45	16	19	32	0	
62	19	45	22	23	31	0	
62	5	14	8	6	7	0	
62	9	17	6	5	12	0	
62	7	16	5	7	10	0	
62	12	17	11	9	12	0	
62	8	16	3	11	4	0	
62	0	0	0	0	0	39	
62	14	32	12	19	27	0	
62	6	19	7	3	7	0	
62	4	7	2	3	2	0	
63	36	693	662	641	723	0	
63	37	1921	2375	2207	2202	0	
63	35	327	269	268	345	0	
63	27	78	57	54	61	0	
63	34	230	167	162	210	0	
63	38	371	466	441	392	0	
63	33	197	131	129	161	0	
63	30	85	72	79	93	0	
63	23	60	48	32	50	0	
63	29	105	55	78	93	0	
63	31	121	86	92	101	0	
63	15	22	20	11	16	0	
63	16	49	16	22	20	0	
63	28	91	60	56	70	0	
63	32	145	103	115	105	0	
63	9	20	3	6	7	0	
63	19	48	15	21	40	0	
63	26	61	45	41	75	0	
63	22	45	28	38	32	0	
63	25	50	44	40	57	0	
63	13	32	9	16	21	0	
63	24	63	42	35	38	0	
63	11	27	15	9	14	0	
63	14	40	19	14	13	0	
63	20	45	21	23	34	0	
63	10	31	4	8	14	0	
63	7	19	7	5	8	0	
63	21	54	19	36	43	0	
63	17	29	18	11	24	0	
63	18	57	14	21	30	0	
63	8	21	4	11	10	0	
63	12	25	6	10	16	0	
63	6	14	6	9	7	0	
63	5	17	5	11	5	0	
63	4	2	3	3	5	0	
63	0	0	0	0	0	1	
64	25	63	37	39	63	0	
64	38	382	439	433	368	0	
64	36	719	642	685	732	0	
64	35	322	307	287	342	0	
64	37	1886	2262	2248	2211	0	
64	28	69	48	50	68	0	
64	34	214	158	168	198	0	
64	22	55	30	26	37	0	
64	33	189	144	146	155	0	
64	29	96	52	79	99	0	
64	26	101	48	51	69	0	
64	30	97	65	71	102	0	
64	27	69	58	52	62	0	
64	15	29	13	18	17	0	
64	32	156	95	117	130	0	
64	16	40	23	18	25	0	
64	21	52	41	49	44	0	
64	20	47	29	41	26	0	
64	11	20	7	17	14	0	
64	31	116	90	84	98	0	
64	18	40	16	28	25	0	
64	23	63	34	37	46	0	
64	24	53	28	42	51	0	
64	9	17	9	5	15	0	
64	8	16	6	7	10	0	
64	7	18	6	12	7	0	
64	6	15	5	11	5	0	
64	10	28	4	11	13	0	
64	13	29	12	10	18	0	
64	19	47	23	22	31	0	
64	12	9	12	6	9	0	
64	5	14	5	11	9	0	
64	17	28	9	19	22	0	
64	14	33	15	19	15	0	
64	4	5	3	5	3	0	
64	0	0	0	0	0	25	
65	25	70	34	38	35	0	
65	38	366	484	462	395	0	
65	37	1943	2174	2214	2192	0	
65	19	50	24	25	36	0	
65	36	716	649	626	737	0	
65	29	98	76	70	95	0	
65	34	204	172	165	197	0	
65	20	42	22	29	36	0	
65	17	35	16	15	23	0	
65	16	38	12	19	34	0	
65	35	341	301	307	316	0	
65	26	76	55	34	64	0	
65	33	205	146	134	171	0	
65	27	81	48	43	51	0	
65	32	125	106	94	131	0	
65	18	51	12	13	33	0	
65	12	17	5	8	6	0	
65	30	90	61	81	89	0	
65	31	123	92	95	124	0	
65	28	64	62	70	63	0	
65	6	14	5	7	10	0	
65	24	54	28	27	50	0	
65	23	53	46	53	53	0	
65	13	32	13	8	20	0	
65	14	36	16	19	21	0	
65	21	50	40	41	62	0	
65	0	0	0	0	0	24	
65	22	40	42	38	31	0	
65	8	22	8	11	9	0	
65	11	32	11	10	21	0	
65	4	4	2	8	5	0	
65	15	25	16	15	15	0	
65	9	23	10	5	10	0	
65	7	22	9	10	8	0	
65	10	20	8	14	20	0	
65	5	14	7	11	6	0	
66	37	1875	2294	2269	2203	0	
66	34	196	181	163	187	0	
66	33	168	157	147	160	0	
66	35	306	270	288	296	0	
66	36	742	689	707	744	0	
66	25	60	49	33	55	0	
66	20	38	17	24	40	0	
66	31	126	81	84	102	0	
66	38	348	414	491	376	0	
66	29	97	66	66	69	0	
66	28	76	51	53	52	0	
66	22	44	28	28	31	0	
66	27	77	52	53	67	0	
66	6	17	9	11	11	0	
66	13	30	11	20	18	0	
66	30	118	80	84	110	0	
66	23	48	42	44	56	0	
66	32	141	105	108	118	0	
66	26	80	54	47	57	0	
66	9	15	5	6	13	0	
66	24	55	36	32	57	0	
66	11	21	8	9	16	0	
66	21	64	28	32	42	0	
66	0	0	0	0	0	40	
66	19	53	28	27	28	0	
66	15	29	17	12	15	0	
66	14	27	13	11	18	0	
66	8	20	8	7	5	0	
66	7	16	3	14	5	0	
66	18	32	14	22	31	0	
66	12	26	4	9	10	0	
66	17	27	14	24	25	0	
66	16	34	18	19	27	0	
66	10	26	12	10	15	0	
66	4	4	3	4	5	0	
66	5	13	8	8	12	0	
67	36	754	709	703	749	0	
67	38	370	434	506	372	0	
67	30	89	82	88	80	0	
67	37	1778	2256	2225	2124	0	
67	35	370	270	275	324	0	
67	34	208	180	168	176	0	
67	33	187	131	145	184	0	
67	25	62	45	41	63	0	
67	29	105	68	63	95	0	
67	8	16	8	7	11	0	
67	31	131	89	83	90	0	
67	28	64	45	70	80	0	
67	32	133	115	124	112	0	
67	27	71	41	45	61	0	
67	23	68	40	32	50	0	
67	26	94	48	58	45	0	
67	17	43	18	21	14	0	
67	19	50	30	27	29	0	
67	10	25	10	7	17	0	
67	22	37	34	30	28	0	
67	21	52	38	31	39	0	
67	7	14	5	9	15	0	
67	16	44	23	15	26	0	
67	20	40	20	27	25	0	
67	24	51	35	27	52	0	
67	11	34	8	9	8	0	
67	13	23	9	16	26	0	
67	12	22	3	7	19	0	
67	15	30	9	11	18	0	
67	18	46	22	20	33	0	
67	14	45	17	14	21	0	
67	9	21	7	8	8	0	
67	5	24	10	11	6	0	
67	6	18	7	9	11	0	
67	0	0	0	0	0	48	
67	4	12	3	4	5	0	
68	37	1922	2258	2101	2120	0	
68	15	38	16	14	23	0	
68	38	384	456	428	393	0	
68	22	48	21	25	35	0	
68	34	211	146	186	198	0	
68	32	130	107	121	138	0	
68	5	14	2	16	7	0	
68	36	708	670	653	724	0	
68	35	366	298	246	328	0	
68	33	191	120	162	172	0	
68	31	106	98	96	128	0	
68	25	52	40	46	58	0	
68	7	24	7	14	12	0	
68	26	69	32	63	63	0	
68	20	38	22	24	30	0	
68	0	0	0	0	0	89	
68	30	96	58	78	87	0	
68	29	106	88	78	89	0	
68	9	17	7	5	10	0	
68	19	47	26	17	36	0	
68	21	44	32	40	64	0	
68	28	86	53	50	68	0	
68	27	92	55	48	65	0	
68	17	30	19	15	21	0	
68	11	29	12	9	21	0	
68	23	64	35	35	58	0	
68	16	27	23	22	31	0	
68	10	19	9	13	7	0	
68	12	25	7	9	14	0	
68	14	33	11	13	23	0	
68	13	34	10	19	17	0	
68	24	62	39	48	49	0	
68	18	38	21	27	34	0	
68	6	21	11	12	5	0	
68	8	19	9	9	17	0	
68	4	6	2	4	4	0	
69	37	1788	2309	2166	2211	0	
69	28	77	59	49	63	0	
69	32	140	115	126	116	0	
69	38	384	444	465	415	0	
69	35	304	276	295	323	0	
69	36	700	633	681	757	0	
69	31	119	86	93	107	0	
69	17	34	17	23	17	0	
69	33	177	142	153	184	0	
69	27	68	44	64	84	0	
69	34	199	168	173	205	0	
69	29	83	72	73	79	0	
69	18	43	21	25	40	0	
69	20	42	26	18	31	0	
69	23	62	46	56	61	0	
69	30	103	82	83	99	0	
69	24	60	38	37	45	0	
69	21	56	31	27	43	0	
69	22	32	26	27	46	0	
69	25	58	39	46	65	0	
69	26	71	52	51	55	0	
69	16	42	18	18	31	0	
69	14	35	14	18	29	0	
69	12	18	7	12	15	0	
69	19	34	22	18	29	0	
69	15	26	14	10	26	0	
69	8	31	5	9	15	0	
69	10	23	8	7	12	0	
69	13	29	9	17	26	0	
69	0	0	0	0	0	21	
69	11	26	8	16	19	0	
69	9	24	7	15	7	0	
69	5	12	5	6	4	0	
69	7	16	3	11	12	0	
69	6	18	7	8	10	0	
69	4	7	2	3	3	0	
70	37	1877	2233	2180	2163	0	
70	36	717	737	639	721	0	
70	38	378	455	419	401	0	
70	28	69	49	48	70	0	
70	35	310	291	278	318	0	
70	34	207	178	170	198	0	
70	26	78	38	61	58	0	
70	15	28	11	15	21	0	
70	23	56	40	50	51	0	
70	29	96	55	72	103	0	
70	21	49	33	39	38	0	
70	8	27	15	8	16	0	
70	30	107	80	84	97	0	
70	33	187	139	166	157	0	
70	24	59	27	43	51	0	
70	22	52	26	26	38	0	
70	32	130	97	105	123	0	
70	10	22	6	13	21	0	
70	31	123	99	97	132	0	
70	18	50	18	21	29	0	
70	16	43	21	17	27	0	
70	20	43	25	27	37	0	
70	13	20	13	10	19	0	
70	27	70	57	48	67	0	
70	7	24	7	6	9	0	
70	14	35	18	15	16	0	
70	25	58	33	50	57	0	
70	11	24	7	14	19	0	
70	17	24	18	18	21	0	
70	19	29	22	20	34	0	
70	0	0	0	0	0	86	
70	12	27	9	15	9	0	
70	9	19	9	8	8	0	
70	6	20	2	8	12	0	
70	5	10	9	13	6	0	
70	4	5	3	7	4	0	
71	37	1929	2212	2096	2188	0	
71	23	66	40	39	51	0	
71	29	107	59	83	91	0	
71	36	700	648	657	755	0	
71	38	352	437	456	403	0	
71	25	68	44	43	47	0	
71	34	228	144	161	179	0	
71	30	100	79	72	99	0	
71	35	336	276	296	367	0	
71	31	123	94	87	112	0	
71	27	79	52	61	46	0	
71	5	22	9	7	9	0	
71	21	64	27	41	40	0	
71	32	147	106	108	104	0	
71	22	43	27	41	40	0	
71	16	38	26	23	32	0	
71	11	21	14	13	16	0	
71	33	209	131	151	186	0	
71	24	55	36	47	49	0	
71	19	37	21	25	37	0	
71	28	70	49	56	88	0	
71	26	65	51	56	57	0	
71	9	21	10	10	8	0	
71	20	37	16	26	39	0	
71	18	46	26	28	23	0	
71	15	32	12	14	23	0	
71	7	15	7	10	16	0	
71	8	22	6	16	13	0	
71	10	19	9	8	15	0	
71	17	30	11	19	20	0	
71	14	34	10	19	15	0	
71	13	23	17	9	14	0	
71	12	21	9	11	17	0	
71	6	18	6	10	16	0	
71	0	0	0	0	0	69	
71	4	8	2	0	9	0	
72	37	1832	2313	2176	2137	0	
72	18	45	26	24	29	0	
72	0	0	0	0	0	26	
72	38	362	476	482	387	0	
72	36	738	714	666	707	0	
72	32	109	87	88	124	0	
72	34	197	164	177	209	0	
72	35	307	297	312	310	0	
72	24	66	35	45	53	0	
72	23	57	37	44	50	0	
72	31	129	85	98	140	0	
72	8	17	9	6	9	0	
72	33	165	160	161	173	0	
72	30	92	75	84	97	0	
72	14	28	17	15	26	0	
72	20	53	35	21	34	0	
72	26	66	51	54	56	0	
72	29	113	62	62	80	0	
72	17	35	13	25	30	0	
72	28	80	54	60	58	0	
72	16	39	21	20	25	0	
72	27	64	43	39	55	0	
72	4	3	3	4	4	0	
72	22	34	28	25	28	0	
72	9	19	7	12	13	0	
72	21	48	22	30	55	0	
72	25	72	34	42	45	0	
72	13	30	6	13	21	0	
72	5	11	8	12	9	0	
72	19	49	22	31	31	0	
72	11	26	9	16	19	0	
72	15	33	13	25	21	0	
72	12	24	11	12	14	0	
72	7	23	5	14	14	0	
72	10	25	12	9	17	0	
72	6	18	6	10	11	0	
73	37	1879	2269	2171	2051	0	
73	36	750	656	651	768	0	
73	32	133	109	95	113	0	
73	35	354	294	283	332	0	
73	29	98	83	67	88	0	
73	38	354	437	484	412	0	
73	34	220	149	159	190	0	
73	21	52	31	38	34	0	
73	17	18	20	16	22	0	
73	18	46	22	21	36	0	
73	25	81	40	42	57	0	
73	30	111	72	91	95	0	
73	22	47	23	18	31	0	
73	33	190	138	138	157	0	
73	26	46	49	60	66	0	
73	20	50	23	30	37	0	
73	24	61	42	38	60	0	
73	12	16	11	16	17	0	
73	31	132	95	108	91	0	
73	13	29	18	20	15	0	
73	28	74	56	70	63	0	
73	14	34	20	20	30	0	
73	7	19	7	13	10	0	
73	19	43	28	25	33	0	
73	27	89	55	44	67	0	
73	23	57	35	40	38	0	
73	16	29	23	15	38	0	
73	15	26	16	15	26	0	
73	9	23	12	11	18	0	
73	6	24	10	11	6	0	
73	11	20	13	8	21	0	
73	5	13	7	11	14	0	
73	10	22	15	14	13	0	
73	8	22	7	10	13	0	
73	4	10	4	5	2	0	
73	0	0	0	0	0	17	
74	37	1839	2214	2181	2149	0	
74	11	25	17	15	12	0	
74	34	237	142	186	195	0	
74	30	95	73	92	80	0	
74	36	759	680	698	748	0	
74	38	340	449	433	428	0	
74	27	65	66	65	66	0	
74	35	330	301	286	308	0	
74	29	103	74	64	84	0	
74	31	112	86	88	105	0	
74	32	142	108	117	124	0	
74	21	59	28	32	29	0	
74	10	27	10	15	16	0	
74	24	68	48	48	49	0	
74	33	177	143	157	167	0	
74	15	33	11	15	24	0	
74	25	66	51	45	57	0	
74	18	39	23	35	36	0	
74	9	23	14	8	9	0	
74	26	69	43	52	70	0	
74	28	70	49	46	54	0	
74	23	58	35	55	46	0	
74	12	22	10	6	13	0	
74	19	44	23	17	21	0	
74	20	31	33	31	38	0	
74	16	38	16	20	25	0	
74	22	44	30	34	42	0	
74	14	27	23	18	18	0	
74	17	28	10	22	29	0	
74	7	17	2	11	9	0	
74	13	30	18	16	20	0	
74	6	25	8	8	9	0	
74	5	21	9	13	10	0	
74	8	17	9	8	15	0	
74	0	0	0	0	0	4	
74	4	6	2	5	5	0	
75	37	1814	2308	2227	2178	0	
75	33	183	131	134	151	0	
75	32	123	113	118	110	0	
75	26	62	50	69	73	0	
75	38	365	405	459	399	0	
75	36	709	651	676	715	0	
75	34	211	183	195	218	0	
75	29	78	61	66	68	0	
75	24	69	34	31	50	0	
75	6	18	7	13	7	0	
75	35	352	299	289	334	0	
75	31	117	91	98	110	0	
75	22	46	26	34	43	0	
75	13	31	11	15	27	0	
75	7	10	9	14	12	0	
75	21	48	29	23	36	0	
75	17	35	12	22	24	0	
75	18	43	21	27	31	0	
75	27	74	57	55	62	0	
75	9	16	4	5	6	0	
75	30	115	93	71	91	0	
75	20	48	29	24	30	0	
75	19	44	26	33	39	0	
75	23	54	37	34	51	0	
75	28	73	58	66	70	0	
75	16	42	23	29	31	0	
75	25	77	40	43	51	0	
75	14	34	18	16	16	0	
75	10	17	14	14	7	0	
75	11	17	12	10	19	0	
75	12	26	9	15	8	0	
75	15	24	14	10	28	0	
75	5	16	10	16	6	0	
75	0	0	0	0	0	1	
75	8	24	15	6	8	0	
75	4	6	6	4	2	0	
76	25	64	43	45	63	0	
76	30	84	94	67	106	0	
76	37	1893	2190	2140	2054	0	
76	31	121	88	92	93	0	
76	36	672	709	691	778	0	
76	38	380	427	489	373	0	
76	20	41	31	26	29	0	
76	29	108	75	76	94	0	
76	33	174	131	150	175	0	
76	21	65	30	30	29	0	
76	26	91	51	47	54	0	
76	23	64	44	51	45	0	
76	32	137	101	101	148	0	
76	34	222	155	179	207	0	
76	35	348	300	287	308	0	
76	24	55	38	44	58	0	
76	27	81	41	59	58	0	
76	10	19	14	16	13	0	
76	19	54	31	22	30	0	
76	5	17	14	14	8	0	
76	22	44	22	33	36	0	
76	8	23	11	13	12	0	
76	15	32	17	16	22	0	
76	0	0	0	0	0	24	
76	14	30	20	17	20	0	
76	12	14	11	17	11	0	
76	17	24	26	24	20	0	
76	28	88	63	58	53	0	
76	7	28	12	6	16	0	
76	16	35	24	27	26	0	
76	11	31	9	13	21	0	
76	9	19	5	10	17	0	
76	6	18	5	14	4	0	
76	13	30	12	12	14	0	
76	18	46	18	23	33	0	
76	4	9	4	5	7	0	
77	29	96	65	76	86	0	
77	38	360	430	456	422	0	
77	37	1824	2289	2074	2234	0	
77	34	215	167	209	211	0	
77	35	346	275	277	310	0	
77	31	112	112	87	110	0	
77	33	161	134	153	172	0	
77	25	68	63	49	45	0	
77	36	705	667	703	746	0	
77	10	21	10	10	17	0	
77	32	156	97	104	114	0	
77	30	106	86	85	97	0	
77	27	86	56	50	62	0	
77	23	69	37	47	44	0	
77	26	77	47	55	61	0	
77	24	59	37	46	46	0	
77	15	26	22	16	23	0	
77	22	43	30	28	41	0	
77	14	21	10	18	17	0	
77	7	18	12	6	7	0	
77	16	42	21	17	21	0	
77	28	83	38	63	66	0	
77	9	21	11	15	8	0	
77	21	34	34	27	46	0	
77	5	12	7	15	9	0	
77	20	41	25	22	35	0	
77	18	50	25	20	31	0	
77	11	26	7	14	15	0	
77	19	40	22	25	25	0	
77	13	35	7	11	25	0	
77	17	32	17	19	19	0	
77	8	22	15	8	14	0	
77	12	28	11	11	12	0	
77	6	17	8	8	11	0	
77	4	11	5	9	3	0	
78	37	1775	2305	2197	2099	0	
78	35	341	303	259	361	0	
78	36	710	692	622	733	0	
78	38	386	449	453	381	0	
78	30	106	73	71	92	0	
78	22	50	29	23	48	0	
78	33	167	145	150	181	0	
78	25	63	39	37	61	0	
78	28	78	68	60	67	0	
78	24	51	35	30	44	0	
78	17	26	13	22	31	0	
78	27	71	68	60	70	0	
78	6	16	10	10	6	0	
78	29	111	67	71	77	0	
78	34	211	161	154	193	0	
78	32	161	78	135	132	0	
78	26	74	52	43	70	0	
78	21	64	26	39	36	0	
78	31	137	91	95	94	0	
78	16	43	27	20	32	0	
78	18	49	20	22	29	0	
78	13	29	8	11	24	0	
78	4	6	3	3	5	0	
78	11	36	12	9	14	0	
78	20	37	23	23	29	0	
78	23	71	42	46	51	0	
78	12	24	13	9	24	0	
78	19	49	32	24	39	0	
78	14	38	14	17	23	0	
78	7	25	9	5	11	0	
78	15	28	15	22	13	0	
78	10	29	9	13	15	0	
78	9	17	10	16	18	0	
78	8	18	11	9	12	0	
78	0	0	0	0	0	6	
78	5	18	6	17	9	0	
79	19	44	20	22	46	0	
79	37	1815	2260	2083	2088	0	
79	36	703	705	627	729	0	
79	28	71	59	61	85	0	
79	24	82	31	45	53	0	
79	7	16	9	14	11	0	
79	35	326	262	285	332	0	
79	38	382	458	437	377	0	
79	32	144	101	116	153	0	
79	34	211	181	190	182	0	
79	22	50	37	37	32	0	
79	14	43	12	15	21	0	
79	31	129	82	94	119	0	
79	18	44	26	32	29	0	
79	25	60	50	42	52	0	
79	20	33	33	28	41	0	
79	29	89	68	79	92	0	
79	16	44	21	18	34	0	
79	23	76	41	49	50	0	
79	33	194	150	166	160	0	
79	30	79	82	85	87	0	
79	26	75	49	52	54	0	
79	5	19	8	16	19	0	
79	21	58	36	36	44	0	
79	0	0	0	0	0	27	
79	11	36	9	14	20	0	
79	17	37	16	23	26	0	
79	27	83	58	45	73	0	
79	9	20	10	5	11	0	
79	8	17	7	18	9	0	
79	6	22	6	15	11	0	
79	15	28	13	19	13	0	
79	10	24	11	16	17	0	
79	12	25	12	8	20	0	
79	13	24	9	13	22	0	
79	4	4	6	7	4	0	
80	37	1829	2223	2072	2147	0	
80	36	652	664	673	762	0	
80	31	138	90	91	97	0	
80	34	207	183	189	204	0	
80	38	400	409	438	396	0	
80	35	326	268	272	368	0	
80	25	59	47	44	64	0	
80	16	52	13	25	26	0	
80	29	96	71	74	79	0	
80	23	69	44	27	53	0	
80	8	25	12	7	14	0	
80	32	141	109	125	130	0	
80	24	55	42	46	48	0	
80	14	32	11	23	16	0	
80	30	94	73	82	85	0	
80	22	50	34	34	39	0	
80	26	68	47	56	70	0	
80	12	27	8	8	18	0	
80	33	197	128	152	201	0	
80	17	29	10	16	20	0	
80	9	22	8	8	13	0	
80	27	103	61	58	56	0	
80	15	25	25	22	21	0	
80	21	65	33	21	48	0	
80	28	86	65	66	67	0	
80	20	48	20	23	34	0	
80	0	0	0	0	0	6	
80	6	15	7	11	9	0	
80	7	17	12	13	7	0	
80	18	42	22	35	35	0	
80	19	42	25	31	36	0	
80	11	32	9	16	16	0	
80	10	27	14	18	10	0	
80	4	6	6	11	4	0	
80	13	38	21	15	13	0	
80	5	20	6	20	12	0	
81	37	1804	2225	2077	2123	0	
81	34	226	170	172	209	0	
81	19	51	16	24	45	0	
81	35	340	303	297	307	0	
81	33	196	153	156	192	0	
81	28	83	61	56	53	0	
81	38	351	445	475	397	0	
81	36	690	672	643	787	0	
81	26	80	60	39	75	0	
81	27	62	61	52	70	0	
81	32	134	98	121	136	0	
81	31	124	110	118	107	0	
81	22	64	31	31	24	0	
81	6	17	8	20	8	0	
81	29	101	73	77	85	0	
81	21	53	37	36	43	0	
81	23	68	31	38	57	0	
81	10	31	10	7	12	0	
81	30	110	94	78	94	0	
81	16	40	19	32	27	0	
81	25	54	48	42	43	0	
81	18	27	22	30	22	0	
81	15	36	7	18	13	0	
81	20	37	23	35	35	0	
81	24	56	48	37	48	0	
81	14	33	13	20	15	0	
81	9	23	6	17	16	0	
81	8	24	9	10	10	0	
81	13	26	14	15	15	0	
81	5	23	12	12	11	0	
81	7	22	6	9	16	0	
81	17	23	10	18	25	0	
81	11	31	14	15	16	0	
81	12	22	9	15	13	0	
81	0	0	0	0	0	5	
81	4	4	6	8	6	0	
82	36	779	673	655	736	0	
82	26	70	58	51	61	0	
82	37	1801	2258	2107	2089	0	
82	34	201	173	189	210	0	
82	29	107	77	79	90	0	
82	32	122	99	112	101	0	
82	31	143	87	114	122	0	
82	24	61	39	35	40	0	
82	38	358	448	443	415	0	
82	35	348	309	276	312	0	
82	21	50	34	37	51	0	
82	30	112	77	76	91	0	
82	17	28	14	24	22	0	
82	16	35	25	28	30	0	
82	33	187	129	153	160	0	
82	23	64	44	46	51	0	
82	27	72	49	64	60	0	
82	28	77	55	51	69	0	
82	8	16	20	10	18	0	
82	25	63	46	61	45	0	
82	20	48	28	23	26	0	
82	11	28	10	12	19	0	
82	14	30	18	25	20	0	
82	18	39	23	23	34	0	
82	19	40	26	22	37	0	
82	15	25	11	10	30	0	
82	22	50	20	34	37	0	
82	7	25	7	20	16	0	
82	12	24	8	12	26	0	
82	13	19	15	11	20	0	
82	5	20	7	17	7	0	
82	6	19	8	17	11	0	
82	10	19	13	17	11	0	
82	9	19	6	17	12	0	
82	0	0	0	0	0	15	
82	4	10	4	5	3	0	
83	37	1860	2179	2047	2029	0	
83	36	731	688	618	731	0	
83	38	379	437	464	392	0	
83	22	45	29	30	27	0	
83	33	183	144	169	160	0	
83	18	49	21	28	21	0	
83	27	91	40	55	66	0	
83	35	353	286	309	322	0	
83	32	145	124	119	112	0	
83	28	117	60	54	69	0	
83	34	221	161	168	207	0	
83	16	40	24	31	32	0	
83	26	75	43	54	61	0	
83	31	116	114	112	93	0	
83	24	65	41	36	49	0	
83	25	60	43	43	55	0	
83	7	24	15	13	8	0	
83	30	113	75	81	88	0	
83	23	57	41	44	65	0	
83	29	93	77	79	97	0	
83	19	41	30	34	38	0	
83	0	0	0	0	0	30	
83	6	23	8	18	8	0	
83	13	26	18	12	30	0	
83	21	58	30	36	37	0	
83	17	29	21	17	21	0	
83	20	47	24	28	40	0	
83	14	34	12	16	18	0	
83	11	31	18	11	19	0	
83	15	40	14	21	17	0	
83	4	11	7	9	7	0	
83	12	27	12	19	17	0	
83	10	39	15	12	23	0	
83	9	16	11	5	9	0	
83	5	19	11	17	7	0	
83	8	17	10	14	14	0	
84	37	1746	2236	2056	2168	0	
84	36	670	654	664	719	0	
84	33	201	134	154	186	0	
84	35	342	273	353	348	0	
84	38	371	415	483	377	0	
84	31	140	93	110	104	0	
84	28	64	56	59	72	0	
84	0	0	0	0	0	111	
84	30	115	87	68	102	0	
84	29	99	77	84	73	0	
84	22	42	38	28	35	0	
84	24	42	41	44	50	0	
84	26	75	43	49	65	0	
84	34	196	180	178	208	0	
84	19	47	28	26	34	0	
84	8	24	14	11	15	0	
84	32	144	120	95	142	0	
84	11	24	8	12	17	0	
84	27	77	54	67	63	0	
84	16	45	23	22	28	0	
84	23	52	34	36	51	0	
84	25	49	36	49	58	0	
84	10	17	9	14	13	0	
84	20	40	29	36	27	0	
84	9	25	9	14	9	0	
84	12	23	10	8	12	0	
84	21	58	35	31	54	0	
84	13	30	11	19	20	0	
84	5	22	11	21	8	0	
84	18	40	22	26	25	0	
84	14	23	21	20	20	0	
84	17	32	19	20	26	0	
84	6	20	14	10	10	0	
84	15	26	15	10	25	0	
84	7	18	8	14	8	0	
84	4	8	7	5	10	0	
85	24	65	38	39	50	0	
85	37	1803	2183	2092	2087	0	
85	36	700	684	644	735	0	
85	34	201	185	196	186	0	
85	31	130	98	97	118	0	
85	28	79	58	74	65	0	
85	38	380	451	499	385	0	
85	32	158	134	124	129	0	
85	21	41	32	34	42	0	
85	14	38	13	25	17	0	
85	35	322	295	280	338	0	
85	25	73	46	50	52	0	
85	26	87	65	60	57	0	
85	33	176	139	155	161	0	
85	30	94	87	83	91	0	
85	10	18	16	14	12	0	
85	16	47	24	17	20	0	
85	29	102	84	71	87	0	
85	6	15	11	9	23	0	
85	27	74	56	64	70	0	
85	23	60	28	35	49	0	
85	20	37	22	26	31	0	
85	22	47	27	31	32	0	
85	15	26	10	17	29	0	
85	12	22	12	19	16	0	
85	11	23	18	17	16	0	
85	9	20	13	13	10	0	
85	7	16	16	18	16	0	
85	19	43	27	34	38	0	
85	4	15	5	6	2	0	
85	17	27	12	23	15	0	
85	18	38	28	16	30	0	
85	8	22	6	19	13	0	
85	5	21	20	13	15	0	
85	13	31	12	13	19	0	
85	0	0	0	0	0	11	
86	37	1702	2167	2016	2196	0	
86	36	717	646	666	763	0	
86	28	87	56	76	68	0	
86	38	383	451	450	392	0	
86	35	323	268	287	320	0	
86	22	61	32	24	45	0	
86	23	64	43	36	53	0	
86	32	150	119	123	124	0	
86	31	134	102	111	130	0	
86	10	24	7	12	16	0	
86	34	215	183	207	196	0	
86	26	64	70	57	69	0	
86	29	108	61	76	88	0	
86	19	36	23	36	35	0	
86	25	81	53	48	62	0	
86	33	178	141	142	161	0	
86	27	63	49	49	81	0	
86	24	68	35	42	45	0	
86	30	106	74	73	96	0	
86	16	43	19	26	33	0	
86	17	27	28	15	27	0	
86	9	23	6	11	17	0	
86	14	48	20	22	26	0	
86	6	26	7	14	9	0	
86	20	43	21	31	33	0	
86	11	29	12	10	20	0	
86	13	27	14	25	18	0	
86	7	26	19	14	17	0	
86	21	52	46	35	38	0	
86	12	22	13	12	16	0	
86	5	14	12	11	5	0	
86	18	33	30	19	36	0	
86	15	25	18	18	26	0	
86	8	27	8	13	20	0	
86	4	6	3	4	2	0	
86	0	0	0	0	0	15	
87	37	1668	2193	2044	2022	0	
87	36	699	658	676	726	0	
87	25	55	56	45	43	0	
87	38	357	482	457	413	0	
87	31	128	97	111	121	0	
87	35	335	308	307	368	0	
87	28	78	66	59	72	0	
87	20	56	30	23	33	0	
87	16	46	26	27	30	0	
87	34	229	185	176	216	0	
87	30	128	89	93	98	0	
87	32	131	111	139	129	0	
87	33	168	155	114	173	0	
87	19	47	29	25	45	0	
87	9	15	13	12	10	0	
87	15	34	11	19	16	0	
87	17	28	20	15	22	0	
87	27	78	54	58	64	0	
87	14	33	16	17	27	0	
87	29	84	73	84	94	0	
87	26	76	45	60	58	0	
87	4	8	4	8	6	0	
87	12	23	8	14	22	0	
87	18	48	18	29	27	0	
87	24	70	52	40	61	0	
87	22	42	44	25	43	0	
87	10	22	8	8	26	0	
87	23	68	47	42	52	0	
87	21	58	29	28	52	0	
87	5	25	13	27	11	0	
87	6	20	9	13	11	0	
87	13	34	10	17	24	0	
87	8	22	8	14	13	0	
87	11	30	14	16	26	0	
87	7	25	11	14	11	0	
87	0	0	0	0	0	19	
88	37	1748	2163	2002	2142	0	
88	25	70	42	48	66	0	
88	36	696	690	637	694	0	
88	20	44	27	26	29	0	
88	38	323	445	447	419	0	
88	35	356	291	322	314	0	
88	30	122	95	104	72	0	
88	26	78	41	47	62	0	
88	33	170	132	145	151	0	
88	19	42	21	44	38	0	
88	29	96	74	79	99	0	
88	32	134	121	106	131	0	
88	34	218	161	197	211	0	
88	16	47	17	18	34	0	
88	22	51	31	24	36	0	
88	17	43	14	20	29	0	
88	28	89	58	77	70	0	
88	15	34	19	20	17	0	
88	31	125	97	104	122	0	
88	13	33	22	18	21	0	
88	23	60	45	61	53	0	
88	27	71	70	51	75	0	
88	7	21	19	8	14	0	
88	21	53	39	43	40	0	
88	11	27	11	17	16	0	
88	18	46	25	32	41	0	
88	8	33	7	16	17	0	
88	24	61	37	44	45	0	
88	9	22	9	13	19	0	
88	14	34	25	17	29	0	
88	0	0	0	0	0	18	
88	12	24	12	10	15	0	
88	4	11	2	8	8	0	
88	6	28	12	13	21	0	
88	5	17	12	12	11	0	
88	10	28	16	13	21	0	
89	35	336	279	291	340	0	
89	37	1694	2119	2028	2155	0	
89	22	49	29	33	46	0	
89	38	360	413	456	396	0	
89	36	698	665	719	722	0	
89	31	139	105	104	114	0	
89	19	61	28	26	39	0	
89	25	56	47	52	48	0	
89	28	82	67	69	67	0	
89	13	30	14	13	20	0	
89	33	172	141	139	180	0	
89	23	67	41	42	54	0	
89	26	81	39	47	73	0	
89	34	228	160	194	223	0	
89	32	160	101	134	130	0	
89	15	34	18	16	21	0	
89	21	61	32	31	40	0	
89	27	77	51	62	70	0	
89	30	105	83	72	110	0	
89	10	20	10	14	15	0	
89	17	29	24	18	23	0	
89	6	18	20	20	16	0	
89	29	106	73	81	84	0	
89	24	50	50	38	49	0	
89	8	19	12	13	18	0	
89	20	46	26	24	31	0	
89	16	43	27	18	36	0	
89	18	49	18	39	33	0	
89	14	38	16	18	34	0	
89	9	20	12	21	11	0	
89	5	26	9	18	13	0	
89	11	29	19	16	24	0	
89	4	14	6	9	6	0	
89	7	18	7	18	13	0	
89	12	27	12	15	14	0	
89	0	0	0	0	0	9	
90	37	1760	2123	2031	2069	0	
90	25	66	43	53	53	0	
90	30	116	84	79	110	0	
90	36	698	662	695	721	0	
90	33	179	146	153	171	0	
90	31	120	83	101	116	0	
90	35	306	324	288	325	0	
90	38	402	463	454	397	0	
90	34	216	191	180	194	0	
90	26	78	44	53	77	0	
90	32	137	123	112	126	0	
90	17	37	15	16	24	0	
90	22	39	37	42	34	0	
90	19	43	29	27	32	0	
90	24	51	38	39	58	0	
90	27	90	57	58	55	0	
90	21	56	32	28	51	0	
90	29	87	84	79	93	0	
90	28	85	57	65	66	0	
90	18	47	32	33	32	0	
90	20	47	36	33	37	0	
90	12	22	14	15	15	0	
90	0	0	0	0	0	16	
90	16	44	20	31	27	0	
90	9	25	16	16	13	0	
90	15	31	18	25	28	0	
90	23	61	34	52	61	0	
90	13	25	11	11	20	0	
90	14	40	16	23	27	0	
90	7	25	10	12	14	0	
90	11	28	13	16	19	0	
90	8	22	15	14	19	0	
90	10	21	13	17	16	0	
90	5	18	11	23	10	0	
90	6	25	12	13	11	0	
90	4	4	6	8	5	0	
91	27	66	54	54	77	0	
91	37	1712	2150	1917	2078	0	
91	18	38	23	29	44	0	
91	36	653	737	677	735	0	
91	32	142	103	140	123	0	
91	35	335	317	309	295	0	
91	38	387	437	414	385	0	
91	16	39	30	36	29	0	
91	33	197	162	158	194	0	
91	28	98	82	70	80	0	
91	34	196	216	191	223	0	
91	31	114	102	94	119	0	
91	19	34	33	20	26	0	
91	23	64	49	43	60	0	
91	29	106	80	75	95	0	
91	30	114	78	85	113	0	
91	13	29	13	14	27	0	
91	25	61	37	52	46	0	
91	17	35	28	16	25	0	
91	26	65	55	65	83	0	
91	20	42	35	30	29	0	
91	8	27	14	11	10	0	
91	22	55	30	44	45	0	
91	14	32	24	22	17	0	
91	15	24	17	21	22	0	
91	5	23	14	16	11	0	
91	9	13	8	20	22	0	
91	24	62	51	50	55	0	
91	11	29	13	12	27	0	
91	21	53	32	36	36	0	
91	10	16	14	13	19	0	
91	6	20	9	14	18	0	
91	12	20	11	12	14	0	
91	0	0	0	0	0	20	
91	7	21	12	17	14	0	
91	4	6	2	5	2	0	
92	37	1743	2064	2012	2039	0	
92	35	358	290	336	340	0	
92	17	24	20	22	20	0	
92	38	373	459	440	385	0	
92	32	137	105	115	126	0	
92	36	689	638	666	759	0	
92	33	185	172	151	139	0	
92	25	75	57	47	59	0	
92	34	190	182	196	187	0	
92	31	126	90	104	132	0	
92	22	55	28	24	31	0	
92	28	90	58	64	82	0	
92	29	103	76	69	103	0	
92	19	57	27	25	35	0	
92	30	112	92	78	93	0	
92	11	31	17	14	19	0	
92	20	46	31	27	48	0	
92	16	43	19	31	30	0	
92	24	72	50	49	56	0	
92	26	85	55	60	71	0	
92	27	76	47	50	66	0	
92	0	0	0	0	0	32	
92	18	45	22	35	33	0	
92	21	79	47	35	39	0	
92	10	27	13	17	19	0	
92	12	23	14	15	19	0	
92	14	40	15	29	23	0	
92	23	57	35	35	59	0	
92	5	24	12	15	18	0	
92	15	29	11	23	28	0	
92	7	21	13	16	18	0	
92	6	18	13	18	13	0	
92	9	23	17	15	18	0	
92	13	29	15	19	24	0	
92	4	13	3	9	6	0	
92	8	26	15	13	11	0	
93	35	305	296	308	338	0	
93	38	350	472	456	379	0	
93	26	85	63	70	67	0	
93	37	1692	2087	2089	1973	0	
93	20	56	30	29	44	0	
93	22	48	30	32	51	0	
93	36	689	634	636	723	0	
93	16	41	27	26	42	0	
93	25	58	44	39	65	0	
93	33	201	168	165	161	0	
93	28	75	79	63	81	0	
93	18	36	34	16	45	0	
93	10	16	11	20	21	0	
93	27	68	61	63	66	0	
93	34	216	186	197	200	0	
93	19	61	34	32	49	0	
93	21	47	43	42	53	0	
93	17	37	23	18	26	0	
93	23	74	44	44	66	0	
93	31	143	116	95	107	0	
93	29	93	79	59	88	0	
93	0	0	0	0	0	45	
93	32	129	145	134	115	0	
93	14	43	15	19	19	0	
93	30	102	63	84	108	0	
93	24	58	44	37	51	0	
93	13	35	14	15	20	0	
93	11	29	16	14	22	0	
93	8	27	15	23	16	0	
93	9	25	10	18	21	0	
93	6	25	14	20	19	0	
93	7	13	17	15	16	0	
93	12	26	12	12	18	0	
93	15	24	10	13	17	0	
93	5	28	15	17	8	0	
93	4	12	8	7	7	0	
94	31	129	99	104	111	0	
94	37	1702	2034	2022	2046	0	
94	34	221	184	190	198	0	
94	38	366	429	451	385	0	
94	35	361	304	285	338	0	
94	19	49	37	29	28	0	
94	36	670	646	724	707	0	
94	33	186	162	171	188	0	
94	30	106	80	92	91	0	
94	32	136	100	134	125	0	
94	29	101	80	76	86	0	
94	20	47	37	33	31	0	
94	9	26	13	12	15	0	
94	28	87	72	77	72	0	
94	5	28	10	20	16	0	
94	23	67	52	40	54	0	
94	16	32	23	22	37	0	
94	13	43	27	17	22	0	
94	22	41	31	25	38	0	
94	21	59	35	39	45	0	
94	14	45	18	19	25	0	
94	26	96	46	43	70	0	
94	12	27	12	17	18	0	
94	6	32	10	11	15	0	
94	27	82	72	56	63	0	
94	11	31	24	13	9	0	
94	25	67	56	45	54	0	
94	24	54	53	52	55	0	
94	15	27	19	23	17	0	
94	8	32	18	14	22	0	
94	18	51	26	22	42	0	
94	17	34	27	23	27	0	
94	10	25	12	17	13	0	
94	7	29	19	16	13	0	
94	4	10	2	5	3	0	
94	0	0	0	0	0	14	
95	37	1704	2116	1988	2032	0	
95	14	49	19	21	24	0	
95	38	387	458	460	390	0	
95	36	641	714	659	720	0	
95	34	211	180	155	199	0	
95	35	351	295	297	299	0	
95	24	57	38	52	61	0	
95	18	55	29	23	25	0	
95	13	28	12	17	24	0	
95	33	184	153	190	165	0	
95	31	137	104	104	115	0	
95	21	54	44	28	43	0	
95	22	56	27	47	48	0	
95	30	121	77	79	87	0	
95	20	37	26	31	39	0	
95	19	61	32	29	43	0	
95	32	108	111	126	139	0	
95	27	82	52	56	81	0	
95	28	82	67	71	72	0	
95	29	107	70	78	102	0	
95	15	37	18	20	21	0	
95	17	37	32	27	21	0	
95	26	75	59	58	59	0	
95	25	91	50	53	53	0	
95	4	9	6	10	9	0	
95	23	60	43	34	54	0	
95	7	23	10	17	17	0	
95	8	29	12	22	12	0	
95	9	18	18	9	23	0	
95	12	29	12	13	20	0	
95	16	47	26	26	39	0	
95	11	20	12	16	24	0	
95	6	26	19	15	15	0	
95	10	33	7	15	18	0	
95	0	0	0	0	0	1	
95	5	23	9	24	10	0	
96	37	1710	2182	1927	2012	0	
96	38	401	459	469	411	0	
96	35	305	297	302	343	0	
96	36	724	654	622	698	0	
96	32	161	122	131	133	0	
96	29	99	80	99	84	0	
96	26	92	72	56	64	0	
96	27	70	65	64	60	0	
96	33	177	147	176	161	0	
96	25	57	42	46	58	0	
96	31	134	88	102	120	0	
96	14	41	17	12	32	0	
96	15	21	22	20	25	0	
96	19	45	24	29	41	0	
96	34	180	181	185	229	0	
96	8	30	14	24	14	0	
96	17	33	20	10	23	0	
96	9	22	11	19	14	0	
96	23	58	42	57	50	0	
96	22	53	35	24	38	0	
96	21	54	41	35	48	0	
96	28	83	63	66	72	0	
96	20	56	31	18	33	0	
96	10	19	15	18	17	0	
96	30	103	88	84	95	0	
96	11	33	17	25	18	0	
96	24	69	47	48	53	0	
96	12	26	15	13	21	0	
96	18	37	26	25	36	0	
96	5	13	13	23	14	0	
96	16	44	18	21	30	0	
96	0	0	0	0	0	34	
96	13	29	24	14	29	0	
96	7	29	20	19	14	0	
96	6	12	9	16	16	0	
96	4	10	11	8	11	0	
97	37	1701	2039	1989	2039	0	
97	36	655	735	677	703	0	
97	32	184	129	109	151	0	
97	31	127	113	101	105	0	
97	38	390	420	444	398	0	
97	35	335	296	288	312	0	
97	21	61	35	36	38	0	
97	33	209	131	150	163	0	
97	10	29	20	19	21	0	
97	28	73	60	82	69	0	
97	30	96	79	88	97	0	
97	8	29	11	20	12	0	
97	23	87	51	37	55	0	
97	6	24	14	23	17	0	
97	27	71	53	60	69	0	
97	29	113	90	79	100	0	
97	25	67	48	50	49	0	
97	34	190	195	184	194	0	
97	24	73	48	33	60	0	
97	18	41	35	41	31	0	
97	13	35	17	15	23	0	
97	26	80	56	55	55	0	
97	22	59	38	46	49	0	
97	16	45	21	31	33	0	
97	17	31	20	27	30	0	
97	19	45	17	27	41	0	
97	20	44	30	31	31	0	
97	15	34	15	25	34	0	
97	5	21	23	26	12	0	
97	11	26	13	18	17	0	
97	12	20	16	19	17	0	
97	14	31	11	22	20	0	
97	7	38	13	20	9	0	
97	9	26	16	10	23	0	
97	4	14	4	5	5	0	
97	0	0	0	0	0	15	
98	37	1603	2035	2024	1998	0	
98	38	367	440	435	354	0	
98	35	356	296	309	305	0	
98	34	233	174	203	216	0	
98	28	87	64	62	72	0	
98	30	117	72	92	117	0	
98	36	732	662	658	751	0	
98	26	83	59	60	64	0	
98	31	133	119	105	122	0	
98	27	82	70	73	83	0	
98	32	153	107	145	122	0	
98	29	103	80	87	92	0	
98	18	55	23	27	40	0	
98	33	169	146	147	195	0	
98	22	48	40	36	46	0	
98	19	47	27	31	39	0	
98	9	37	13	12	10	0	
98	20	47	21	23	42	0	
98	15	33	18	23	19	0	
98	24	58	48	47	50	0	
98	8	33	14	20	15	0	
98	21	54	35	40	50	0	
98	7	24	11	16	11	0	
98	17	37	18	14	31	0	
98	25	61	52	39	60	0	
98	14	49	15	30	30	0	
98	12	26	19	18	19	0	
98	16	34	27	20	32	0	
98	23	57	47	27	68	0	
98	6	22	14	20	18	0	
98	5	22	14	30	13	0	
98	0	0	0	0	0	17	
98	11	23	14	10	20	0	
98	13	39	20	16	24	0	
98	10	32	11	14	30	0	
98	4	9	6	7	9	0	
99	37	1508	1896	1892	1687	0	
99	35	314	330	296	330	0	
99	32	161	122	131	156	0	
99	33	203	178	181	208	0	
99	20	53	36	47	42	0	
99	36	627	663	644	668	0	
99	15	44	15	30	34	0	
99	38	314	439	385	305	0	
99	28	109	67	76	78	0	
99	24	84	52	49	63	0	
99	27	81	62	77	81	0	
99	34	228	214	194	241	0	
99	23	78	53	34	62	0	
99	13	37	32	26	35	0	
99	12	34	14	24	27	0	
99	30	120	96	105	87	0	
99	17	46	32	40	33	0	
99	29	107	98	103	114	0	
99	26	84	65	53	81	0	
99	31	144	126	104	141	0	
99	25	61	62	46	68	0	
99	6	20	24	30	14	0	
99	5	31	20	29	28	0	
99	22	65	34	41	51	0	
99	18	44	47	30	57	0	
99	21	50	43	38	52	0	
99	19	45	29	32	60	0	
99	10	31	22	31	23	0	
99	9	30	18	26	34	0	
99	16	54	31	29	38	0	
99	7	35	27	17	21	0	
99	0	0	0	0	0	80	
99	14	49	15	27	23	0	
99	8	39	16	24	25	0	
99	11	45	14	33	28	0	
99	4	11	5	8	10	0	
