#Pos	Phred	A	C	G	T	N
0	37	1224	1235	1381	1164	0	
0	32	57	43	54	46	0	
0	28	34	31	29	18	0	
0	35	161	114	135	127	0	
0	36	362	317	382	353	0	
0	23	35	10	12	19	0	
0	29	47	27	47	37	0	
0	34	119	62	85	75	0	
0	38	104	168	248	110	0	
0	30	49	33	35	36	0	
0	13	10	2	2	3	0	
0	26	49	15	27	24	0	
0	33	112	66	92	70	0	
0	15	6	2	2	5	0	
0	24	22	13	14	27	0	
0	17	7	7	2	4	0	
0	31	55	48	42	43	0	
0	27	38	21	28	18	0	
0	21	22	15	14	13	0	
0	16	16	10	2	9	0	
0	20	23	7	7	16	0	
0	12	5	2	1	1	0	
0	18	21	9	3	10	0	
0	9	3	1	1	3	0	
0	5	2	3	4	2	0	
0	25	26	13	23	21	0	
0	8	0	1	1	0	0	
0	7	3	4	0	4	0	
0	22	15	10	12	14	0	
0	11	11	2	1	3	0	
0	19	18	2	12	10	0	
0	14	9	3	4	4	0	
0	6	1	2	3	3	0	
0	0	0	0	0	0	21	
0	10	5	1	3	1	0	
0	4	2	1	3	2	0	
1	35	177	112	118	145	0	
1	36	374	324	324	346	0	
1	37	1132	1306	1246	1308	0	
1	34	113	61	47	91	0	
1	38	122	158	184	95	0	
1	30	36	35	31	57	0	
1	25	36	28	13	31	0	
1	29	41	31	29	39	0	
1	19	13	10	4	11	0	
1	26	49	22	18	30	0	
1	20	21	6	6	13	0	
1	18	20	9	6	19	0	
1	28	39	19	15	33	0	
1	31	55	50	38	50	0	
1	32	68	55	53	51	0	
1	33	103	80	73	75	0	
1	24	32	15	10	17	0	
1	23	34	12	14	31	0	
1	21	25	18	13	19	0	
1	22	25	7	11	20	0	
1	15	8	5	0	11	0	
1	27	32	33	19	23	0	
1	10	4	1	3	4	0	
1	0	0	0	0	0	10	
1	6	5	2	1	3	0	
1	7	4	3	1	6	0	
1	17	20	9	8	11	0	
1	11	9	4	2	4	0	
1	16	13	3	6	12	0	
1	14	10	4	3	2	0	
1	12	12	5	1	3	0	
1	8	9	0	3	5	0	
1	13	6	3	3	7	0	
1	9	8	2	1	0	0	
1	4	3	2	3	5	0	
1	5	4	2	3	5	0	
2	34	91	60	64	90	0	
2	37	983	1291	1248	1336	0	
2	13	16	1	3	1	0	
2	23	27	25	13	31	0	
2	16	24	3	3	12	0	
2	35	123	130	122	182	0	
2	29	46	35	37	60	0	
2	36	333	326	388	324	0	
2	27	21	29	20	35	0	
2	38	111	201	211	125	0	
2	33	97	80	75	89	0	
2	8	8	1	3	2	0	
2	32	64	47	53	76	0	
2	31	46	38	37	57	0	
2	30	67	31	38	57	0	
2	21	30	10	7	18	0	
2	24	25	12	15	24	0	
2	28	35	20	15	41	0	
2	22	17	5	17	19	0	
2	14	18	1	5	11	0	
2	26	30	18	35	23	0	
2	18	20	5	7	12	0	
2	0	0	0	0	0	9	
2	17	7	5	5	6	0	
2	19	24	3	11	9	0	
2	25	21	24	21	29	0	
2	15	9	3	2	12	0	
2	5	2	6	6	1	0	
2	10	5	2	1	7	0	
2	4	4	5	2	2	0	
2	20	18	7	8	13	0	
2	9	10	2	3	3	0	
2	12	3	4	2	2	0	
2	6	5	4	7	4	0	
2	11	5	0	5	2	0	
2	7	3	1	1	3	0	
3	37	1116	1181	1272	1231	0	
3	38	130	170	206	109	0	
3	36	403	275	334	391	0	
3	28	46	19	18	27	0	
3	35	176	105	140	151	0	
3	17	16	6	5	10	0	
3	34	84	60	95	81	0	
3	21	32	7	14	15	0	
3	33	98	59	66	102	0	
3	25	31	22	18	20	0	
3	32	71	48	58	63	0	
3	22	24	14	3	14	0	
3	26	44	15	22	22	0	
3	14	14	4	1	11	0	
3	30	58	32	25	51	0	
3	20	22	7	7	14	0	
3	27	32	20	30	30	0	
3	12	10	0	2	4	0	
3	29	53	30	33	41	0	
3	23	48	16	19	23	0	
3	18	20	7	2	12	0	
3	31	66	40	54	45	0	
3	11	13	2	2	2	0	
3	19	27	9	7	18	0	
3	15	6	3	2	4	0	
3	5	8	2	3	4	0	
3	0	0	0	0	0	43	
3	9	9	2	1	2	0	
3	24	23	11	20	20	0	
3	4	6	3	3	2	0	
3	16	20	11	2	13	0	
3	10	11	2	3	3	0	
3	8	0	3	2	7	0	
3	13	15	2	4	5	0	
3	7	4	1	1	2	0	
3	6	5	0	1	4	0	
4	37	1076	1328	1334	1138	0	
4	35	143	141	118	131	0	
4	38	128	211	227	106	0	
4	33	82	79	63	84	0	
4	27	28	20	32	39	0	
4	36	373	352	334	360	0	
4	9	8	1	1	2	0	
4	31	56	52	59	45	0	
4	22	19	12	8	16	0	
4	26	30	27	21	36	0	
4	24	19	19	15	19	0	
4	30	52	37	32	41	0	
4	17	9	4	4	6	0	
4	28	41	28	30	28	0	
4	34	95	80	70	81	0	
4	16	11	9	5	16	0	
4	10	6	3	2	6	0	
4	25	25	19	14	21	0	
4	32	62	50	47	61	0	
4	18	26	8	6	8	0	
4	21	21	14	11	11	0	
4	29	46	36	32	46	0	
4	20	20	11	9	9	0	
4	23	26	16	20	27	0	
4	6	5	3	2	0	0	
4	13	11	7	2	7	0	
4	12	5	2	5	4	0	
4	14	16	3	2	10	0	
4	8	6	2	1	2	0	
4	19	11	12	9	7	0	
4	7	5	3	3	0	0	
4	4	3	4	3	2	0	
4	5	6	3	3	1	0	
4	15	10	3	2	8	0	
4	11	5	1	3	6	0	
4	0	0	0	0	0	2	
5	37	1026	1273	1222	1279	0	
5	32	65	58	50	47	0	
5	34	112	81	71	93	0	
5	28	35	26	22	30	0	
5	36	367	341	327	386	0	
5	27	22	26	17	29	0	
5	33	70	67	68	84	0	
5	29	47	30	34	42	0	
5	35	146	138	126	153	0	
5	26	40	21	23	41	0	
5	38	134	192	197	125	0	
5	30	44	49	36	55	0	
5	31	60	42	37	51	0	
5	17	9	3	7	8	0	
5	16	14	5	6	9	0	
5	24	19	24	17	16	0	
5	13	9	6	4	9	0	
5	15	9	2	7	6	0	
5	23	42	15	12	26	0	
5	20	25	5	10	12	0	
5	12	13	1	8	4	0	
5	11	13	3	4	5	0	
5	5	4	6	4	5	0	
5	0	0	0	0	0	28	
5	7	6	1	4	3	0	
5	4	4	2	3	1	0	
5	22	19	6	8	17	0	
5	18	14	9	5	6	0	
5	14	18	5	3	3	0	
5	10	9	4	4	4	0	
5	25	25	21	14	27	0	
5	21	26	6	10	28	0	
5	9	3	3	2	3	0	
5	19	22	5	11	13	0	
5	6	5	4	3	3	0	
5	8	9	2	2	4	0	
6	36	338	339	337	371	0	
6	37	1027	1319	1300	1188	0	
6	35	131	157	138	146	0	
6	32	74	50	44	58	0	
6	34	85	66	78	81	0	
6	38	145	224	225	115	0	
6	33	102	73	65	74	0	
6	27	43	17	27	28	0	
6	31	57	42	48	46	0	
6	20	19	7	9	14	0	
6	30	45	35	29	49	0	
6	25	28	22	13	23	0	
6	28	33	23	27	27	0	
6	21	23	13	11	14	0	
6	22	21	7	9	13	0	
6	23	40	17	13	16	0	
6	17	10	3	6	6	0	
6	8	5	2	3	2	0	
6	13	13	4	2	6	0	
6	26	41	20	26	29	0	
6	15	11	5	3	7	0	
6	19	19	7	4	15	0	
6	16	20	11	4	14	0	
6	5	5	3	6	2	0	
6	29	50	37	44	45	0	
6	4	0	6	2	1	0	
6	18	11	9	6	14	0	
6	12	8	3	4	3	0	
6	24	25	20	9	21	0	
6	6	5	0	4	4	0	
6	14	13	5	5	5	0	
6	10	9	2	4	8	0	
6	11	9	2	5	5	0	
6	9	4	1	1	2	0	
6	7	9	2	2	0	0	
6	0	0	0	0	0	4	
7	37	1061	1231	1267	1237	0	
7	34	109	63	79	93	0	
7	28	41	21	18	30	0	
7	36	356	308	328	373	0	
7	30	51	34	45	46	0	
7	24	29	14	21	25	0	
7	29	48	41	34	49	0	
7	27	37	30	14	29	0	
7	26	45	17	23	21	0	
7	35	174	122	128	124	0	
7	33	96	62	83	98	0	
7	38	135	209	210	122	0	
7	14	21	1	1	9	0	
7	19	28	7	9	23	0	
7	32	62	50	42	69	0	
7	20	11	8	13	15	0	
7	9	12	2	2	1	0	
7	31	55	39	40	50	0	
7	18	18	2	9	12	0	
7	11	9	2	4	6	0	
7	25	41	11	26	30	0	
7	8	5	2	1	3	0	
7	23	36	19	20	22	0	
7	7	9	5	1	3	0	
7	10	9	2	1	4	0	
7	13	13	4	4	7	0	
7	22	15	8	14	11	0	
7	17	20	4	8	7	0	
7	5	5	5	4	0	0	
7	15	6	3	0	2	0	
7	16	12	8	1	11	0	
7	21	23	10	7	26	0	
7	12	5	3	3	2	0	
7	4	4	5	2	0	0	
7	0	0	0	0	0	9	
7	6	4	6	4	2	0	
8	37	1045	1351	1239	1164	0	
8	30	61	39	34	44	0	
8	38	135	223	224	127	0	
8	33	91	74	79	73	0	
8	36	386	362	329	331	0	
8	24	27	23	20	25	0	
8	34	99	84	73	73	0	
8	28	29	23	23	32	0	
8	29	54	33	36	29	0	
8	35	136	128	136	114	0	
8	32	57	57	42	57	0	
8	31	59	51	51	53	0	
8	26	25	23	22	24	0	
8	25	18	18	18	28	0	
8	20	21	14	11	21	0	
8	22	26	15	9	11	0	
8	21	28	9	14	18	0	
8	18	32	7	7	11	0	
8	16	24	9	6	9	0	
8	23	44	29	12	13	0	
8	19	17	10	8	12	0	
8	5	2	5	1	4	0	
8	27	36	25	28	23	0	
8	10	9	3	4	2	0	
8	0	0	0	0	0	8	
8	11	10	3	0	3	0	
8	9	11	4	1	4	0	
8	8	3	4	3	2	0	
8	13	10	3	2	2	0	
8	14	19	6	1	6	0	
8	7	4	3	3	2	0	
8	17	4	4	5	6	0	
8	12	8	6	1	4	0	
8	15	11	4	5	7	0	
8	6	0	3	2	1	0	
8	4	5	2	1	4	0	
9	37	1096	1350	1217	1132	0	
9	38	151	241	211	123	0	
9	31	56	47	49	47	0	
9	24	28	16	13	22	0	
9	36	350	330	318	379	0	
9	35	135	135	134	137	0	
9	8	7	1	0	3	0	
9	20	14	15	5	19	0	
9	30	53	44	28	37	0	
9	27	36	23	21	28	0	
9	26	37	32	19	32	0	
9	32	44	54	49	55	0	
9	33	111	72	72	84	0	
9	34	88	64	76	92	0	
9	28	30	22	22	34	0	
9	12	13	2	1	5	0	
9	21	27	14	6	20	0	
9	11	7	4	1	3	0	
9	16	18	6	9	10	0	
9	18	17	7	7	13	0	
9	29	47	36	28	54	0	
9	23	31	14	13	30	0	
9	6	8	4	2	6	0	
9	4	4	5	3	3	0	
9	14	16	2	12	14	0	
9	25	34	23	19	22	0	
9	19	19	9	7	7	0	
9	22	14	15	11	24	0	
9	17	5	4	6	5	0	
9	15	11	3	8	10	0	
9	9	6	0	2	4	0	
9	5	2	3	3	5	0	
9	7	4	3	3	4	0	
9	13	6	3	2	6	0	
9	10	7	2	1	4	0	
9	0	0	0	0	0	12	
10	10	87	59	95	124	0	
10	33	51	41	55	84	0	
10	32	53	20	56	81	0	
10	9	88	67	109	94	0	
10	16	73	42	83	100	0	
10	14	74	54	79	96	0	
10	20	42	31	59	71	0	
10	5	99	88	98	105	0	
10	35	75	41	71	100	0	
10	15	54	35	64	94	0	
10	24	65	36	42	77	0	
10	27	49	23	54	72	0	
10	37	248	28	176	341	0	
10	7	94	80	109	134	0	
10	36	127	93	108	151	0	
10	29	45	26	49	71	0	
10	11	75	45	94	103	0	
10	21	53	43	61	77	0	
10	13	69	56	77	108	0	
10	30	51	28	60	76	0	
10	22	47	32	55	76	0	
10	6	105	122	111	156	0	
10	26	72	37	64	76	0	
10	17	51	53	77	83	0	
10	23	46	43	50	69	0	
10	12	63	72	63	91	0	
10	8	86	90	112	110	0	
10	0	0	0	0	0	76	
10	19	45	45	54	74	0	
10	25	46	39	62	73	0	
10	18	62	49	82	92	0	
10	31	46	31	64	73	0	
10	28	53	28	48	68	0	
10	34	70	28	47	88	0	
10	4	17	17	21	12	0	
10	38	33	2	30	47	0	
11	37	270	389	114	44	0	
11	6	138	164	144	93	0	
11	22	51	71	44	22	0	
11	27	57	70	46	28	0	
11	9	79	103	106	53	0	
11	16	80	89	71	51	0	
11	24	67	77	63	30	0	
11	14	74	94	79	53	0	
11	21	64	80	70	31	0	
11	26	44	78	46	28	0	
11	17	61	94	61	32	0	
11	18	78	85	57	45	0	
11	29	58	98	62	25	0	
11	35	79	110	47	27	0	
11	7	100	137	96	97	0	
11	8	88	132	101	67	0	
11	28	48	64	51	22	0	
11	5	94	92	79	89	0	
11	19	58	79	40	26	0	
11	10	78	125	107	53	0	
11	0	0	0	0	0	95	
11	11	85	110	85	49	0	
11	20	65	91	49	33	0	
11	36	135	176	76	93	0	
11	38	27	73	30	3	0	
11	12	58	96	84	53	0	
11	13	72	108	67	46	0	
11	30	62	102	52	19	0	
11	15	69	86	69	33	0	
11	33	63	95	40	21	0	
11	23	72	79	54	32	0	
11	25	44	79	50	18	0	
11	31	51	81	47	22	0	
11	32	37	81	41	33	0	
11	34	66	106	47	26	0	
11	4	18	14	15	20	0	
12	37	297	84	16	456	0	
12	14	88	70	45	107	0	
12	30	62	42	14	81	0	
12	15	69	70	26	97	0	
12	28	71	38	26	81	0	
12	11	80	85	65	99	0	
12	23	59	52	35	97	0	
12	6	123	103	90	164	0	
12	10	84	70	57	108	0	
12	27	58	40	18	81	0	
12	32	58	39	21	83	0	
12	35	86	48	25	144	0	
12	24	66	61	29	85	0	
12	20	52	50	33	72	0	
12	26	80	45	26	89	0	
12	36	131	67	79	222	0	
12	18	58	67	28	89	0	
12	16	67	80	48	88	0	
12	9	100	86	58	110	0	
12	13	79	66	35	88	0	
12	25	49	31	24	88	0	
12	7	109	125	103	137	0	
12	12	59	69	41	114	0	
12	22	60	43	21	78	0	
12	21	57	64	37	87	0	
12	5	94	88	79	114	0	
12	17	54	63	38	96	0	
12	8	96	91	76	138	0	
12	33	76	33	23	107	0	
12	31	51	45	15	83	0	
12	29	63	47	11	86	0	
12	34	50	64	18	120	0	
12	4	13	8	6	16	0	
12	38	41	10	1	67	0	
12	0	0	0	0	0	35	
12	19	58	63	26	95	0	
13	17	89	42	60	61	0	
13	36	121	106	145	108	0	
13	5	101	71	98	104	0	
13	20	61	37	73	56	0	
13	31	50	40	80	35	0	
13	33	56	40	72	52	0	
13	25	54	36	53	52	0	
13	22	51	40	71	48	0	
13	16	102	56	67	85	0	
13	37	197	121	273	124	0	
13	35	82	55	105	60	0	
13	15	64	43	77	77	0	
13	6	131	100	140	118	0	
13	11	96	59	90	77	0	
13	24	66	45	77	56	0	
13	30	65	37	58	44	0	
13	14	89	62	84	74	0	
13	7	108	97	115	118	0	
13	27	60	30	69	43	0	
13	26	56	48	68	42	0	
13	9	90	64	89	73	0	
13	8	117	73	103	98	0	
13	18	76	43	96	62	0	
13	28	51	30	69	41	0	
13	12	75	44	95	74	0	
13	10	99	64	85	118	0	
13	21	64	44	75	64	0	
13	38	20	16	57	20	0	
13	29	56	27	81	48	0	
13	0	0	0	0	0	98	
13	32	60	43	83	51	0	
13	19	69	43	68	59	0	
13	4	23	8	14	18	0	
13	23	60	49	70	59	0	
13	13	71	58	76	83	0	
13	34	71	49	73	70	0	
14	29	58	69	18	62	0	
14	9	71	90	50	76	0	
14	7	129	118	90	99	0	
14	6	164	167	112	126	0	
14	15	54	83	38	62	0	
14	30	61	74	21	47	0	
14	37	233	279	15	200	0	
14	28	42	61	22	57	0	
14	11	101	99	57	88	0	
14	38	25	51	0	16	0	
14	5	118	102	114	91	0	
14	0	0	0	0	0	196	
14	32	62	80	19	49	0	
14	18	89	91	46	79	0	
14	13	103	85	50	67	0	
14	35	93	106	29	87	0	
14	31	74	59	23	50	0	
14	27	63	67	14	66	0	
14	16	94	80	45	88	0	
14	33	84	71	20	64	0	
14	36	150	137	58	120	0	
14	22	64	68	20	45	0	
14	12	62	73	42	65	0	
14	17	55	63	22	53	0	
14	19	57	80	25	74	0	
14	10	95	84	54	90	0	
14	14	80	102	38	73	0	
14	23	56	82	26	65	0	
14	34	73	76	26	65	0	
14	8	112	116	66	103	0	
14	26	73	65	19	63	0	
14	24	54	84	23	72	0	
14	20	56	73	25	47	0	
14	21	81	80	26	72	0	
14	25	48	59	20	45	0	
14	4	32	21	30	14	0	
15	8	132	96	124	91	0	
15	18	58	60	93	63	0	
15	37	102	126	424	92	0	
15	11	87	65	130	75	0	
15	33	42	55	100	62	0	
15	7	94	91	155	127	0	
15	30	44	40	79	44	0	
15	6	129	114	152	125	0	
15	27	26	45	75	36	0	
15	14	71	64	117	67	0	
15	36	92	97	184	86	0	
15	25	29	47	65	45	0	
15	10	86	80	102	71	0	
15	35	53	63	119	75	0	
15	34	42	54	94	44	0	
15	24	33	52	87	51	0	
15	28	29	44	74	26	0	
15	5	109	85	126	94	0	
15	16	58	64	103	71	0	
15	13	65	68	90	77	0	
15	12	67	44	92	64	0	
15	19	56	55	94	55	0	
15	15	61	52	73	56	0	
15	9	67	75	94	70	0	
15	31	37	47	71	31	0	
15	0	0	0	0	0	134	
15	21	48	51	87	51	0	
15	26	31	44	103	46	0	
15	20	49	50	71	44	0	
15	17	48	49	73	47	0	
15	38	8	17	45	10	0	
15	22	42	53	66	50	0	
15	29	42	44	78	39	0	
15	4	25	12	24	21	0	
15	23	51	37	103	42	0	
15	32	37	43	71	47	0	
16	37	1091	1239	1389	1081	0	
16	38	173	216	258	142	0	
16	32	76	46	48	48	0	
16	36	361	322	336	334	0	
16	24	18	12	17	22	0	
16	30	54	31	36	39	0	
16	35	146	141	145	149	0	
16	29	42	33	36	41	0	
16	27	27	25	21	30	0	
16	34	89	90	78	78	0	
16	21	17	22	15	14	0	
16	28	35	31	25	36	0	
16	22	19	12	10	15	0	
16	14	10	4	6	6	0	
16	33	76	71	66	88	0	
16	10	8	5	2	2	0	
16	31	45	53	48	48	0	
16	23	38	17	15	29	0	
16	19	8	10	12	11	0	
16	17	11	9	2	10	0	
16	25	33	16	17	33	0	
16	26	31	21	17	31	0	
16	8	4	3	2	2	0	
16	18	9	10	3	16	0	
16	9	4	2	2	2	0	
16	20	13	11	12	11	0	
16	16	13	3	9	11	0	
16	5	4	3	4	4	0	
16	7	4	1	1	2	0	
16	13	11	5	9	8	0	
16	12	4	2	3	2	0	
16	6	2	4	3	3	0	
16	15	9	5	6	9	0	
16	4	4	0	1	1	0	
16	11	5	4	1	6	0	
16	0	0	0	0	0	8	
17	37	1071	1225	1199	1186	0	
17	34	91	73	81	82	0	
17	36	388	313	336	351	0	
17	32	62	58	39	61	0	
17	35	164	121	110	169	0	
17	29	56	41	44	39	0	
17	25	35	18	25	33	0	
17	22	22	6	11	18	0	
17	13	7	3	6	8	0	
17	31	68	47	42	49	0	
17	38	154	229	222	169	0	
17	26	38	21	26	30	0	
17	20	21	7	10	14	0	
17	33	84	67	58	87	0	
17	27	32	18	22	28	0	
17	18	16	13	10	19	0	
17	21	22	12	8	30	0	
17	19	25	7	7	22	0	
17	5	4	2	6	5	0	
17	17	12	4	8	8	0	
17	30	50	29	31	43	0	
17	10	4	4	2	8	0	
17	28	41	18	26	38	0	
17	23	26	17	13	18	0	
17	8	9	5	3	2	0	
17	16	7	5	7	16	0	
17	11	17	4	1	4	0	
17	24	29	9	5	26	0	
17	12	12	4	2	5	0	
17	14	15	2	3	8	0	
17	4	6	1	2	5	0	
17	15	16	6	2	6	0	
17	6	13	4	4	1	0	
17	7	4	4	4	1	0	
17	9	9	0	2	5	0	
17	0	0	0	0	0	2	
18	37	956	1309	1185	1170	0	
18	33	80	82	74	85	0	
18	35	159	125	131	159	0	
18	36	331	339	370	349	0	
18	38	135	221	222	173	0	
18	29	51	37	33	38	0	
18	32	68	42	40	73	0	
18	28	42	28	21	43	0	
18	20	20	15	10	17	0	
18	19	26	13	9	26	0	
18	25	34	14	17	30	0	
18	31	43	43	46	64	0	
18	18	20	3	8	20	0	
18	34	109	71	82	86	0	
18	27	28	25	15	28	0	
18	26	35	24	22	30	0	
18	22	21	11	15	13	0	
18	24	25	16	11	16	0	
18	6	4	1	4	6	0	
18	23	40	11	13	24	0	
18	21	21	16	15	24	0	
18	30	55	36	34	53	0	
18	11	10	2	5	7	0	
18	13	15	4	2	5	0	
18	9	6	1	6	4	0	
18	15	9	2	9	4	0	
18	7	12	4	4	5	0	
18	14	16	4	9	10	0	
18	17	10	6	6	7	0	
18	5	4	3	5	1	0	
18	8	8	0	2	8	0	
18	16	10	8	16	9	0	
18	4	1	3	1	4	0	
18	12	12	2	1	4	0	
18	10	9	0	5	4	0	
18	0	0	0	0	0	7	
19	37	1010	1068	1157	1279	0	
19	36	371	281	332	401	0	
19	31	69	44	43	47	0	
19	29	42	30	30	46	0	
19	33	99	71	70	79	0	
19	28	37	29	26	51	0	
19	35	154	121	140	169	0	
19	38	162	198	210	179	0	
19	32	77	45	67	69	0	
19	27	29	21	25	32	0	
19	34	108	68	87	101	0	
19	22	27	7	12	21	0	
19	12	13	2	10	5	0	
19	17	15	4	9	14	0	
19	19	26	6	6	16	0	
19	23	43	19	13	28	0	
19	26	29	18	24	31	0	
19	30	58	31	42	50	0	
19	15	18	3	3	5	0	
19	24	28	18	17	22	0	
19	9	12	1	1	4	0	
19	11	12	2	3	5	0	
19	21	37	13	11	22	0	
19	25	29	10	15	24	0	
19	10	10	2	5	7	0	
19	16	25	3	15	14	0	
19	7	5	5	2	2	0	
19	5	5	4	2	6	0	
19	13	17	1	6	4	0	
19	14	16	4	5	7	0	
19	20	25	9	10	13	0	
19	6	5	2	8	5	0	
19	8	10	0	2	1	0	
19	18	19	10	10	19	0	
19	4	2	4	2	1	0	
19	0	0	0	0	0	3	
20	37	971	1312	1166	1135	0	
20	36	386	333	370	374	0	
20	26	35	26	22	25	0	
20	38	149	246	231	147	0	
20	33	81	65	75	64	0	
20	29	43	32	30	34	0	
20	30	51	51	35	52	0	
20	18	25	10	6	16	0	
20	35	145	152	126	142	0	
20	28	30	28	18	33	0	
20	21	31	17	7	27	0	
20	34	92	75	86	86	0	
20	32	59	53	48	63	0	
20	31	63	54	47	42	0	
20	15	7	3	6	5	0	
20	27	30	24	32	36	0	
20	13	14	3	9	6	0	
20	8	10	1	4	4	0	
20	24	24	20	10	19	0	
20	23	30	14	15	16	0	
20	16	21	18	6	11	0	
20	25	31	24	15	17	0	
20	19	14	6	8	17	0	
20	5	7	4	6	2	0	
20	22	25	17	14	15	0	
20	20	17	15	10	7	0	
20	9	6	1	5	3	0	
20	14	22	8	4	8	0	
20	17	10	4	6	9	0	
20	11	9	6	3	2	0	
20	6	3	2	7	4	0	
20	0	0	0	0	0	9	
20	4	5	1	3	2	0	
20	7	12	0	3	5	0	
20	10	10	4	5	2	0	
20	12	7	7	2	10	0	
21	37	965	1308	1180	1124	0	
21	33	78	81	69	83	0	
21	38	141	252	240	153	0	
21	36	335	348	349	340	0	
21	34	84	77	89	95	0	
21	22	31	10	12	18	0	
21	15	9	6	2	4	0	
21	31	52	42	38	58	0	
21	35	161	153	161	126	0	
21	8	9	3	5	6	0	
21	27	29	29	24	31	0	
21	32	67	53	54	48	0	
21	25	28	19	21	22	0	
21	28	29	29	29	26	0	
21	12	8	4	1	2	0	
21	11	12	4	4	5	0	
21	30	48	37	37	47	0	
21	20	21	10	8	18	0	
21	23	26	15	8	34	0	
21	14	16	2	6	7	0	
21	29	45	37	32	52	0	
21	26	39	23	21	29	0	
21	10	12	4	8	6	0	
21	24	24	20	18	25	0	
21	19	20	9	7	13	0	
21	9	10	2	4	1	0	
21	13	16	7	3	10	0	
21	21	21	16	19	24	0	
21	5	7	3	2	6	0	
21	18	21	11	8	17	0	
21	0	0	0	0	0	31	
21	6	3	4	2	5	0	
21	16	18	1	6	9	0	
21	4	2	1	4	5	0	
21	17	12	8	4	6	0	
21	7	6	1	3	2	0	
22	37	961	1295	1218	1031	0	
22	36	372	354	340	388	0	
22	22	29	11	11	20	0	
22	26	41	24	29	29	0	
22	38	152	233	222	160	0	
22	32	71	34	46	45	0	
22	33	76	86	62	72	0	
22	31	54	35	40	55	0	
22	27	33	33	22	22	0	
22	30	67	39	34	33	0	
22	21	30	9	11	7	0	
22	35	149	123	145	132	0	
22	25	31	12	25	27	0	
22	24	25	18	14	19	0	
22	0	0	0	0	0	96	
22	18	19	11	9	14	0	
22	34	96	74	93	87	0	
22	9	6	3	2	3	0	
22	28	33	40	28	28	0	
22	29	41	34	31	40	0	
22	23	39	20	21	28	0	
22	12	15	1	4	0	0	
22	8	9	4	5	3	0	
22	20	25	9	9	20	0	
22	6	7	8	1	4	0	
22	7	6	2	3	0	0	
22	11	7	5	5	6	0	
22	16	17	11	8	14	0	
22	14	19	5	9	4	0	
22	19	19	7	11	15	0	
22	15	10	7	3	10	0	
22	13	19	3	5	9	0	
22	17	20	2	4	11	0	
22	10	3	4	3	5	0	
22	5	8	3	5	4	0	
22	4	4	5	4	0	0	
23	37	994	1150	1201	1158	0	
23	38	144	212	258	149	0	
23	31	51	47	54	60	0	
23	22	19	10	14	13	0	
23	32	70	40	60	75	0	
23	27	36	26	18	21	0	
23	36	391	339	339	386	0	
23	29	63	33	32	45	0	
23	35	158	125	138	132	0	
23	18	24	3	7	11	0	
23	30	52	45	31	47	0	
23	24	27	16	16	29	0	
23	33	95	66	60	68	0	
23	12	18	2	5	7	0	
23	28	40	22	28	29	0	
23	34	97	75	78	85	0	
23	19	37	8	17	14	0	
23	26	31	15	18	32	0	
23	25	32	25	26	28	0	
23	11	11	1	3	3	0	
23	6	10	3	4	5	0	
23	10	10	6	2	3	0	
23	21	26	18	13	18	0	
23	23	36	9	14	32	0	
23	0	0	0	0	0	40	
23	8	11	3	3	5	0	
23	15	14	2	5	10	0	
23	7	10	0	2	5	0	
23	16	18	7	4	15	0	
23	20	22	9	11	13	0	
23	5	6	4	8	6	0	
23	17	15	6	5	8	0	
23	4	4	3	2	0	0	
23	13	15	4	6	6	0	
23	9	9	1	0	4	0	
23	14	8	4	5	8	0	
24	37	915	1300	1189	1082	0	
24	36	359	373	323	326	0	
24	25	41	25	25	27	0	
24	32	62	69	58	42	0	
24	22	28	10	5	13	0	
24	38	158	248	236	177	0	
24	8	10	4	4	6	0	
24	24	35	23	12	30	0	
24	35	165	128	135	142	0	
24	34	99	80	99	74	0	
24	28	34	29	23	36	0	
24	26	54	29	22	32	0	
24	19	27	9	9	13	0	
24	31	53	48	47	49	0	
24	30	35	34	33	28	0	
24	27	36	24	29	38	0	
24	18	24	7	7	10	0	
24	12	15	3	3	6	0	
24	11	12	4	3	7	0	
24	33	96	80	56	76	0	
24	20	31	9	13	23	0	
24	29	60	43	32	31	0	
24	9	12	2	2	3	0	
24	16	34	7	8	12	0	
24	21	30	13	9	13	0	
24	23	36	14	16	21	0	
24	6	10	3	7	7	0	
24	14	8	4	5	7	0	
24	7	16	4	4	2	0	
24	5	4	4	6	2	0	
24	15	9	4	5	9	0	
24	17	15	6	7	7	0	
24	13	14	3	3	1	0	
24	10	7	2	3	6	0	
24	4	5	2	1	0	0	
24	0	0	0	0	0	7	
25	23	36	21	15	24	0	
25	37	901	1319	1253	1015	0	
25	36	358	354	346	319	0	
25	34	105	73	88	79	0	
25	35	153	153	158	131	0	
25	13	17	2	5	4	0	
25	31	63	62	58	44	0	
25	32	78	55	54	48	0	
25	33	96	55	74	58	0	
25	38	161	262	247	172	0	
25	26	36	21	37	28	0	
25	15	10	2	9	6	0	
25	22	27	11	14	18	0	
25	14	28	5	2	4	0	
25	28	32	25	20	23	0	
25	16	22	11	5	6	0	
25	20	15	14	7	16	0	
25	18	23	11	8	15	0	
25	11	13	5	5	11	0	
25	21	33	17	17	22	0	
25	27	30	21	28	31	0	
25	29	42	31	33	29	0	
25	30	48	30	42	42	0	
25	24	32	23	14	14	0	
25	17	14	8	6	9	0	
25	12	11	3	5	1	0	
25	0	0	0	0	0	13	
25	19	24	8	9	8	0	
25	25	36	17	21	26	0	
25	6	7	4	5	6	0	
25	8	9	3	5	4	0	
25	4	4	6	2	2	0	
25	10	13	2	4	3	0	
25	7	9	2	6	4	0	
25	5	10	4	4	3	0	
25	9	8	3	4	5	0	
26	25	39	34	50	40	0	
26	32	64	41	78	58	0	
26	6	150	105	139	160	0	
26	28	57	40	69	54	0	
26	22	51	38	55	46	0	
26	10	81	68	110	74	0	
26	9	94	72	104	87	0	
26	15	59	58	76	72	0	
26	37	242	130	229	143	0	
26	33	58	49	67	59	0	
26	8	105	85	95	108	0	
26	14	91	58	65	87	0	
26	4	29	10	15	29	0	
26	17	54	64	75	47	0	
26	20	52	54	63	52	0	
26	16	98	58	86	76	0	
26	13	63	51	93	89	0	
26	0	0	0	0	0	115	
26	26	69	40	62	43	0	
26	23	67	46	62	56	0	
26	31	67	51	64	57	0	
26	7	121	101	109	129	0	
26	18	68	58	71	71	0	
26	19	54	57	59	62	0	
26	21	70	50	69	69	0	
26	5	95	67	80	109	0	
26	27	49	51	52	65	0	
26	36	141	73	129	95	0	
26	24	56	48	58	57	0	
26	35	85	70	66	73	0	
26	12	72	45	58	65	0	
26	38	23	18	34	14	0	
26	34	58	45	67	59	0	
26	30	45	33	54	59	0	
26	29	58	32	54	64	0	
26	11	98	73	75	109	0	
27	33	96	60	86	7	0	
27	18	76	80	81	14	0	
27	37	343	283	284	35	0	
27	20	63	61	63	5	0	
27	29	70	74	66	7	0	
27	13	106	77	72	14	0	
27	35	124	109	96	11	0	
27	36	203	158	152	85	0	
27	34	89	99	80	10	0	
27	30	74	76	84	4	0	
27	14	91	99	73	9	0	
27	19	73	60	59	5	0	
27	12	69	80	85	4	0	
27	26	77	69	62	6	0	
27	38	36	49	36	6	0	
27	7	110	121	107	49	0	
27	21	84	69	67	2	0	
27	32	76	80	75	8	0	
27	27	62	52	71	6	0	
27	15	53	63	75	6	0	
27	9	88	96	86	16	0	
27	8	142	113	116	35	0	
27	23	76	71	62	3	0	
27	10	105	81	84	21	0	
27	17	80	63	70	1	0	
27	11	89	91	94	24	0	
27	4	32	23	26	47	0	
27	22	63	73	70	3	0	
27	6	144	144	124	90	0	
27	5	111	105	109	66	0	
27	28	72	62	77	10	0	
27	25	37	82	71	0	0	
27	24	60	68	66	4	0	
27	31	60	62	73	1	0	
27	16	88	79	91	12	0	
27	0	0	0	0	0	127	
28	11	69	86	99	113	0	
28	21	63	55	73	81	0	
28	22	43	56	55	69	0	
28	33	50	53	67	64	0	
28	15	57	58	65	85	0	
28	16	63	73	71	99	0	
28	37	197	149	216	157	0	
28	17	69	55	69	52	0	
28	6	121	111	138	143	0	
28	24	45	49	69	61	0	
28	12	78	61	67	63	0	
28	36	127	107	99	103	0	
28	25	29	42	45	53	0	
28	5	121	82	101	99	0	
28	28	48	41	43	52	0	
28	9	82	71	81	95	0	
28	26	73	47	61	76	0	
28	35	56	53	91	75	0	
28	31	37	43	56	59	0	
28	8	103	84	109	102	0	
28	20	42	54	58	53	0	
28	4	9	18	13	23	0	
28	13	73	67	81	69	0	
28	18	76	52	79	88	0	
28	0	0	0	0	0	105	
28	32	40	47	43	61	0	
28	10	78	87	102	95	0	
28	19	62	72	75	48	0	
28	27	54	50	54	59	0	
28	14	76	70	85	71	0	
28	7	107	106	108	124	0	
28	38	24	17	21	28	0	
28	23	55	60	57	59	0	
28	29	42	40	62	53	0	
28	34	52	54	90	54	0	
28	30	63	57	49	46	0	
29	32	64	9	77	64	0	
29	6	132	94	135	154	0	
29	0	0	0	0	0	115	
29	21	89	8	74	94	0	
29	8	104	46	116	120	0	
29	13	85	20	67	94	0	
29	9	81	18	86	106	0	
29	12	78	12	79	73	0	
29	19	75	10	61	70	0	
29	11	81	17	100	120	0	
29	22	60	7	48	62	0	
29	29	60	8	69	81	0	
29	36	156	18	146	161	0	
29	18	71	9	66	88	0	
29	35	119	13	98	114	0	
29	15	69	9	86	77	0	
29	28	60	11	58	78	0	
29	33	76	7	71	88	0	
29	7	124	56	100	124	0	
29	16	98	9	74	94	0	
29	5	125	95	103	139	0	
29	25	59	1	53	71	0	
29	23	80	9	64	79	0	
29	37	269	12	282	319	0	
29	4	31	60	26	35	0	
29	26	87	7	70	88	0	
29	34	66	6	76	106	0	
29	24	73	6	71	71	0	
29	38	38	5	44	50	0	
29	30	72	8	71	68	0	
29	14	85	18	81	112	0	
29	20	63	8	56	72	0	
29	31	56	8	60	71	0	
29	10	95	34	77	81	0	
29	17	51	13	56	73	0	
29	27	44	8	54	78	0	
30	35	74	48	78	69	0	
30	34	65	63	82	54	0	
30	6	151	127	133	122	0	
30	18	68	49	87	57	0	
30	7	125	84	100	98	0	
30	8	115	86	97	97	0	
30	27	50	47	65	47	0	
30	19	65	46	81	63	0	
30	25	54	42	53	54	0	
30	20	63	38	65	60	0	
30	10	82	80	85	91	0	
30	23	53	41	75	41	0	
30	11	108	74	104	99	0	
30	17	74	41	68	62	0	
30	5	141	79	99	92	0	
30	33	70	59	60	45	0	
30	12	76	66	50	48	0	
30	21	69	50	64	53	0	
30	30	66	42	54	54	0	
30	26	56	49	63	52	0	
30	9	108	80	86	72	0	
30	14	95	65	76	88	0	
30	37	197	153	211	128	0	
30	22	51	30	52	40	0	
30	36	118	55	141	76	0	
30	38	24	21	32	15	0	
30	31	44	45	58	51	0	
30	32	53	51	62	46	0	
30	0	0	0	0	0	227	
30	28	44	38	66	45	0	
30	16	82	57	86	56	0	
30	15	70	59	70	67	0	
30	13	93	72	77	71	0	
30	24	61	61	57	55	0	
30	29	53	45	73	48	0	
30	4	25	15	18	28	0	
31	30	34	72	55	44	0	
31	8	123	116	99	112	0	
31	13	85	87	85	64	0	
31	37	49	253	235	46	0	
31	35	35	86	82	32	0	
31	21	48	87	68	50	0	
31	7	139	147	128	112	0	
31	10	101	86	97	89	0	
31	6	167	152	153	144	0	
31	36	106	112	160	108	0	
31	5	116	118	98	113	0	
31	11	83	117	82	79	0	
31	28	24	52	50	27	0	
31	24	42	58	60	39	0	
31	26	40	59	49	31	0	
31	12	58	73	72	59	0	
31	33	37	60	71	35	0	
31	9	86	101	91	68	0	
31	15	47	79	68	51	0	
31	22	32	58	70	21	0	
31	17	36	56	47	48	0	
31	0	0	0	0	0	317	
31	19	51	68	74	47	0	
31	14	70	97	97	73	0	
31	4	38	14	28	31	0	
31	20	35	60	59	41	0	
31	25	31	56	39	30	0	
31	31	45	69	36	23	0	
31	16	61	87	92	73	0	
31	34	38	72	70	36	0	
31	38	3	37	20	6	0	
31	29	23	60	66	37	0	
31	18	74	64	66	60	0	
31	27	24	59	65	50	0	
31	23	56	68	60	53	0	
31	32	43	57	58	24	0	
32	23	26	11	22	33	0	
32	37	999	1229	1253	1092	0	
32	17	14	6	9	9	0	
32	34	102	78	88	83	0	
32	38	209	221	241	184	0	
32	24	23	25	18	23	0	
32	36	336	347	372	346	0	
32	35	158	138	128	150	0	
32	33	85	64	89	73	0	
32	22	18	10	17	16	0	
32	31	47	50	44	51	0	
32	27	28	20	15	34	0	
32	29	45	32	37	34	0	
32	28	34	32	34	28	0	
32	30	43	21	38	46	0	
32	25	24	24	22	25	0	
32	7	1	5	7	4	0	
32	20	15	12	11	20	0	
32	13	10	4	4	7	0	
32	26	31	24	24	32	0	
32	32	66	47	36	60	0	
32	21	27	13	12	17	0	
32	8	6	2	2	7	0	
32	14	14	5	4	7	0	
32	19	17	6	12	16	0	
32	16	14	6	8	5	0	
32	9	10	1	2	5	0	
32	6	4	3	1	2	0	
32	12	12	6	2	6	0	
32	11	12	4	7	7	0	
32	0	0	0	0	0	17	
32	5	5	2	3	4	0	
32	18	17	11	10	10	0	
32	10	7	3	1	5	0	
32	15	14	7	2	16	0	
32	4	5	1	2	1	0	
33	37	923	1179	1133	1164	0	
33	38	179	241	211	177	0	
33	31	58	49	39	66	0	
33	16	23	10	4	16	0	
33	36	374	322	301	369	0	
33	28	36	32	20	32	0	
33	29	53	40	37	49	0	
33	32	74	48	51	71	0	
33	27	33	19	26	21	0	
33	21	26	16	11	31	0	
33	25	20	16	16	24	0	
33	30	47	46	34	42	0	
33	35	154	151	140	154	0	
33	26	33	20	20	35	0	
33	34	97	88	66	106	0	
33	12	11	3	2	11	0	
33	19	31	10	12	25	0	
33	11	9	4	6	6	0	
33	33	85	59	63	94	0	
33	20	36	14	10	22	0	
33	23	25	20	17	22	0	
33	9	16	5	3	8	0	
33	22	20	10	16	21	0	
33	24	27	21	13	21	0	
33	15	17	5	7	12	0	
33	0	0	0	0	0	5	
33	14	16	5	5	9	0	
33	18	26	6	6	21	0	
33	8	15	1	2	5	0	
33	10	9	7	2	10	0	
33	17	10	6	15	18	0	
33	7	8	3	5	6	0	
33	5	10	4	3	2	0	
33	6	7	4	8	7	0	
33	13	14	5	5	6	0	
33	4	4	1	3	4	0	
34	37	841	1224	1117	1144	0	
34	13	19	5	1	13	0	
34	30	51	54	42	47	0	
34	36	359	368	350	357	0	
34	38	154	230	287	200	0	
34	32	61	54	43	46	0	
34	35	154	144	146	141	0	
34	31	59	42	60	57	0	
34	28	36	23	23	38	0	
34	34	95	70	61	109	0	
34	21	27	11	13	22	0	
34	24	30	34	14	28	0	
34	29	54	32	39	54	0	
34	33	71	67	67	96	0	
34	27	42	30	22	33	0	
34	25	31	9	22	29	0	
34	17	12	10	4	14	0	
34	8	12	3	4	6	0	
34	20	19	5	8	18	0	
34	16	15	11	10	16	0	
34	22	20	10	6	17	0	
34	9	13	2	2	3	0	
34	5	8	3	8	8	0	
34	18	20	6	6	16	0	
34	26	37	24	31	46	0	
34	14	15	1	7	14	0	
34	19	13	16	9	20	0	
34	11	14	3	4	11	0	
34	23	23	16	10	29	0	
34	12	9	5	3	4	0	
34	15	19	3	6	12	0	
34	10	11	4	4	4	0	
34	6	5	4	8	5	0	
34	7	13	3	1	4	0	
34	0	0	0	0	0	6	
34	4	1	3	3	0	0	
35	37	951	1028	1174	1121	0	
35	36	339	321	348	386	0	
35	35	175	105	134	144	0	
35	25	46	15	25	29	0	
35	38	157	255	287	171	0	
35	32	77	50	50	81	0	
35	34	96	71	96	88	0	
35	33	92	57	84	63	0	
35	18	36	0	17	14	0	
35	23	41	12	17	32	0	
35	10	17	3	1	3	0	
35	28	49	20	26	42	0	
35	30	50	37	37	46	0	
35	31	59	36	54	60	0	
35	6	13	7	3	4	0	
35	19	28	13	13	27	0	
35	22	21	17	17	10	0	
35	26	50	20	30	32	0	
35	11	21	5	4	6	0	
35	27	51	18	25	31	0	
35	20	28	8	9	17	0	
35	24	29	21	26	19	0	
35	7	8	3	2	7	0	
35	8	11	2	2	5	0	
35	29	48	35	32	33	0	
35	16	15	6	15	15	0	
35	15	14	5	11	3	0	
35	5	7	6	5	2	0	
35	12	14	2	7	11	0	
35	14	15	4	4	12	0	
35	13	16	7	5	10	0	
35	21	30	11	13	17	0	
35	17	17	5	8	7	0	
35	9	11	2	4	4	0	
35	4	1	4	3	3	0	
35	0	0	0	0	0	13	
36	37	908	1213	1134	1019	0	
36	35	150	152	136	140	0	
36	36	357	359	330	368	0	
36	38	179	255	220	177	0	
36	32	66	56	64	69	0	
36	18	27	11	11	12	0	
36	20	19	9	13	15	0	
36	21	19	15	9	14	0	
36	8	8	5	4	6	0	
36	30	48	45	36	42	0	
36	31	54	63	42	44	0	
36	16	23	9	11	14	0	
36	33	85	78	59	73	0	
36	26	43	32	25	18	0	
36	14	19	4	3	6	0	
36	9	11	3	2	7	0	
36	34	115	95	89	99	0	
36	27	41	21	19	26	0	
36	29	57	35	36	39	0	
36	12	12	3	6	5	0	
36	7	12	7	1	7	0	
36	19	26	13	11	19	0	
36	24	31	24	14	29	0	
36	22	27	12	16	23	0	
36	28	46	27	19	38	0	
36	13	15	8	3	8	0	
36	25	27	14	22	36	0	
36	6	11	6	6	9	0	
36	23	36	12	22	25	0	
36	15	15	9	8	11	0	
36	17	15	7	6	11	0	
36	0	0	0	0	0	21	
36	5	11	4	5	11	0	
36	11	6	2	7	5	0	
36	10	13	4	3	6	0	
36	4	2	2	6	2	0	
37	37	880	1189	1110	1055	0	
37	38	154	276	254	164	0	
37	35	151	148	130	153	0	
37	36	352	352	312	397	0	
37	34	111	100	73	106	0	
37	33	83	71	71	93	0	
37	7	10	5	5	3	0	
37	23	35	24	18	23	0	
37	25	33	27	16	26	0	
37	32	49	53	69	46	0	
37	28	31	30	23	28	0	
37	13	19	6	6	5	0	
37	22	21	14	13	15	0	
37	21	32	15	9	14	0	
37	4	6	2	4	2	0	
37	16	21	11	7	20	0	
37	19	20	15	9	16	0	
37	29	51	34	35	41	0	
37	27	37	36	30	34	0	
37	17	14	7	14	7	0	
37	20	25	7	12	21	0	
37	30	47	32	35	34	0	
37	24	22	27	16	31	0	
37	31	57	51	49	58	0	
37	18	16	7	13	16	0	
37	9	10	3	2	4	0	
37	26	33	22	22	22	0	
37	11	19	3	3	9	0	
37	8	12	5	5	9	0	
37	12	10	7	2	10	0	
37	0	0	0	0	0	77	
37	15	16	13	11	8	0	
37	10	17	6	1	6	0	
37	5	9	1	3	3	0	
37	14	13	11	7	11	0	
37	6	5	6	4	3	0	
38	37	866	1137	1100	1104	0	
38	38	138	256	264	182	0	
38	10	14	8	4	4	0	
38	34	104	80	94	100	0	
38	33	94	73	66	86	0	
38	32	59	52	46	60	0	
38	31	56	49	36	55	0	
38	27	39	29	27	25	0	
38	30	39	44	48	39	0	
38	16	31	6	9	11	0	
38	35	144	133	144	164	0	
38	36	337	360	361	364	0	
38	28	41	23	21	30	0	
38	23	27	15	16	34	0	
38	12	14	9	4	8	0	
38	19	34	13	20	24	0	
38	17	18	12	9	8	0	
38	21	26	19	12	26	0	
38	29	50	29	30	48	0	
38	25	36	23	14	24	0	
38	26	34	18	28	33	0	
38	22	29	16	11	21	0	
38	13	19	4	5	9	0	
38	11	16	1	3	7	0	
38	24	25	21	15	44	0	
38	7	10	5	3	6	0	
38	18	28	7	12	9	0	
38	15	23	4	7	8	0	
38	14	19	8	8	15	0	
38	20	21	15	18	30	0	
38	9	12	1	2	6	0	
38	5	9	11	8	4	0	
38	0	0	0	0	0	16	
38	6	10	3	7	4	0	
38	4	2	4	3	3	0	
38	8	9	2	6	5	0	
39	37	941	1086	1150	1057	0	
39	32	79	39	56	48	0	
39	9	16	2	3	8	0	
39	25	26	20	24	12	0	
39	34	115	81	98	92	0	
39	31	62	31	46	58	0	
39	22	34	6	9	21	0	
39	33	92	83	75	80	0	
39	36	346	313	333	356	0	
39	30	52	39	34	43	0	
39	35	158	137	150	139	0	
39	29	67	36	39	37	0	
39	17	11	13	8	7	0	
39	38	208	232	233	199	0	
39	26	45	20	21	31	0	
39	24	36	28	22	24	0	
39	21	28	24	18	19	0	
39	12	23	5	1	7	0	
39	18	26	9	15	18	0	
39	27	41	21	19	34	0	
39	19	30	11	9	13	0	
39	20	26	13	12	17	0	
39	6	16	3	9	9	0	
39	28	49	23	27	38	0	
39	7	14	3	5	8	0	
39	15	21	3	8	5	0	
39	11	19	4	5	7	0	
39	0	0	0	0	0	3	
39	10	14	3	6	10	0	
39	23	23	20	14	29	0	
39	13	11	8	6	10	0	
39	16	21	7	8	16	0	
39	8	17	4	2	4	0	
39	5	6	4	5	14	0	
39	14	17	8	6	9	0	
39	4	4	6	2	1	0	
40	34	98	99	79	82	0	
40	36	367	354	348	344	0	
40	21	25	19	16	27	0	
40	35	163	131	142	136	0	
40	38	171	259	257	177	0	
40	37	938	1189	1086	991	0	
40	33	107	92	62	81	0	
40	24	31	13	10	26	0	
40	19	38	6	12	19	0	
40	31	66	49	41	44	0	
40	30	56	51	29	29	0	
40	15	22	5	6	13	0	
40	27	47	31	20	34	0	
40	14	16	4	8	16	0	
40	28	43	30	23	30	0	
40	32	65	50	67	56	0	
40	23	24	20	22	28	0	
40	25	35	16	21	28	0	
40	29	55	29	42	49	0	
40	9	13	3	10	3	0	
40	26	42	28	32	37	0	
40	12	9	2	6	12	0	
40	7	14	2	2	2	0	
40	20	16	12	9	13	0	
40	17	19	3	15	10	0	
40	0	0	0	0	0	12	
40	10	11	5	4	5	0	
40	13	14	5	8	5	0	
40	11	16	4	7	10	0	
40	18	19	8	9	14	0	
40	5	8	7	4	5	0	
40	22	27	20	13	21	0	
40	8	6	4	4	1	0	
40	16	19	9	6	19	0	
40	6	10	6	6	2	0	
40	4	5	2	9	2	0	
41	37	876	1073	1122	1138	0	
41	33	88	71	70	83	0	
41	34	81	77	90	117	0	
41	26	32	25	30	39	0	
41	31	53	46	47	68	0	
41	36	334	303	365	400	0	
41	23	22	15	13	34	0	
41	25	25	16	21	31	0	
41	32	67	48	59	73	0	
41	15	15	5	2	17	0	
41	11	22	6	1	7	0	
41	28	43	21	34	52	0	
41	35	137	145	129	172	0	
41	30	50	27	40	52	0	
41	38	175	236	248	201	0	
41	22	24	10	9	23	0	
41	20	19	11	10	19	0	
41	14	16	2	9	13	0	
41	4	3	6	1	3	0	
41	9	7	2	6	9	0	
41	29	54	40	41	42	0	
41	21	33	8	15	31	0	
41	16	19	8	9	15	0	
41	19	19	10	13	14	0	
41	27	32	12	28	39	0	
41	7	7	3	3	9	0	
41	18	33	15	10	21	0	
41	24	26	22	26	44	0	
41	5	9	3	11	7	0	
41	12	6	2	5	9	0	
41	8	16	2	4	7	0	
41	13	12	6	4	15	0	
41	6	6	5	3	7	0	
41	10	12	7	5	8	0	
41	17	16	2	6	12	0	
41	0	0	0	0	0	1	
