#Pos	Phred	A	C	G	T	N
0	38	252	266	278	175	0	
0	37	1354	1263	1493	1273	0	
0	36	333	288	313	307	0	
0	33	74	55	47	68	0	
0	27	15	19	17	15	0	
0	10	3	3	1	0	0	
0	18	11	3	3	9	0	
0	28	25	16	19	20	0	
0	31	45	29	53	47	0	
0	29	39	25	32	33	0	
0	25	25	14	23	12	0	
0	35	133	77	117	83	0	
0	32	49	52	44	37	0	
0	34	62	59	59	62	0	
0	26	26	21	24	9	0	
0	23	21	9	17	17	0	
0	30	34	39	41	38	0	
0	22	10	6	7	8	0	
0	24	12	13	20	12	0	
0	9	3	4	4	3	0	
0	5	12	8	14	9	0	
0	15	5	1	5	1	0	
0	21	13	5	13	11	0	
0	8	5	1	1	3	0	
0	4	15	10	8	20	0	
0	11	5	2	1	4	0	
0	12	6	4	1	2	0	
0	13	6	4	3	4	0	
0	14	6	2	1	3	0	
0	17	4	4	7	4	0	
0	7	4	2	5	1	0	
0	19	6	9	11	8	0	
0	6	4	6	8	5	0	
0	16	12	3	6	6	0	
0	20	10	5	11	11	0	
0	0	0	0	0	0	7	
1	38	188	279	248	175	0	
1	24	23	10	21	18	0	
1	37	1202	1164	1231	1614	0	
1	36	317	232	261	363	0	
1	10	3	0	3	5	0	
1	20	17	7	7	19	0	
1	18	11	2	3	17	0	
1	33	86	57	61	87	0	
1	35	131	79	92	137	0	
1	31	44	49	42	45	0	
1	34	86	49	59	81	0	
1	32	45	51	59	53	0	
1	26	23	17	16	36	0	
1	16	8	3	6	10	0	
1	22	18	12	6	18	0	
1	30	38	21	19	43	0	
1	27	10	18	19	23	0	
1	15	7	3	8	6	0	
1	23	13	8	14	23	0	
1	25	19	22	16	25	0	
1	11	5	4	2	5	0	
1	29	46	33	30	45	0	
1	4	14	7	11	10	0	
1	6	6	2	9	3	0	
1	28	32	18	15	36	0	
1	0	0	0	0	0	64	
1	7	6	3	2	4	0	
1	8	4	2	3	6	0	
1	17	8	3	6	5	0	
1	5	12	17	11	8	0	
1	12	9	2	4	1	0	
1	21	15	12	6	18	0	
1	19	5	5	7	4	0	
1	13	6	5	4	2	0	
1	9	2	4	5	6	0	
1	14	8	2	2	8	0	
2	38	173	274	227	161	0	
2	25	23	14	30	19	0	
2	37	1076	1426	1211	1427	0	
2	36	318	281	297	317	0	
2	32	49	45	46	55	0	
2	34	74	77	61	78	0	
2	6	6	5	7	5	0	
2	17	9	3	3	11	0	
2	30	44	40	29	43	0	
2	35	125	98	109	126	0	
2	12	6	3	5	5	0	
2	0	0	0	0	0	55	
2	23	17	14	16	13	0	
2	22	15	17	9	10	0	
2	27	31	19	18	14	0	
2	28	34	32	20	35	0	
2	33	70	53	68	78	0	
2	18	14	8	6	5	0	
2	31	52	52	49	56	0	
2	10	9	2	4	6	0	
2	20	16	12	6	14	0	
2	29	39	27	35	33	0	
2	4	17	5	14	13	0	
2	5	6	9	15	5	0	
2	21	11	6	8	14	0	
2	19	19	9	3	8	0	
2	26	24	22	18	27	0	
2	14	14	2	7	2	0	
2	24	18	9	19	11	0	
2	7	5	4	2	2	0	
2	11	3	4	3	10	0	
2	15	8	5	2	5	0	
2	16	15	6	7	5	0	
2	9	8	1	4	3	0	
2	13	10	6	6	4	0	
2	8	4	3	2	4	0	
3	37	1233	1042	1244	1546	0	
3	38	184	250	216	190	0	
3	0	0	0	0	0	110	
3	23	22	9	10	21	0	
3	18	11	4	9	10	0	
3	11	10	2	4	4	0	
3	36	358	222	256	352	0	
3	34	96	53	75	87	0	
3	21	19	2	6	20	0	
3	31	50	32	42	53	0	
3	35	143	87	100	125	0	
3	29	37	37	34	24	0	
3	24	21	16	18	16	0	
3	7	3	4	6	5	0	
3	28	29	21	26	27	0	
3	33	81	50	69	74	0	
3	26	41	11	14	27	0	
3	32	55	36	58	48	0	
3	8	4	3	2	5	0	
3	14	11	2	7	6	0	
3	30	60	24	28	49	0	
3	19	24	10	11	13	0	
3	22	13	7	10	9	0	
3	12	9	2	6	4	0	
3	27	34	21	22	27	0	
3	5	8	11	5	12	0	
3	17	9	2	4	4	0	
3	10	6	2	3	5	0	
3	25	27	9	25	27	0	
3	13	12	0	5	4	0	
3	4	8	13	12	12	0	
3	6	6	6	8	9	0	
3	20	19	6	11	20	0	
3	16	21	2	7	7	0	
3	15	7	3	5	2	0	
3	9	5	1	7	3	0	
4	38	193	329	246	174	0	
4	37	1195	1398	1216	1347	0	
4	36	333	306	248	297	0	
4	19	15	9	8	11	0	
4	27	31	20	21	33	0	
4	20	17	8	14	10	0	
4	17	8	3	3	5	0	
4	28	31	30	22	27	0	
4	33	82	68	54	87	0	
4	34	80	73	69	57	0	
4	29	48	34	30	30	0	
4	35	146	99	95	120	0	
4	32	41	43	31	43	0	
4	21	19	14	11	14	0	
4	31	52	37	40	36	0	
4	23	27	17	15	22	0	
4	30	37	29	41	28	0	
4	26	33	15	26	29	0	
4	15	9	5	5	2	0	
4	14	8	6	1	2	0	
4	24	12	11	9	18	0	
4	12	4	4	1	2	0	
4	4	8	5	8	8	0	
4	5	16	7	18	8	0	
4	22	13	9	6	13	0	
4	13	11	2	2	2	0	
4	9	6	2	4	5	0	
4	16	16	4	8	8	0	
4	11	10	5	2	7	0	
4	6	7	6	7	9	0	
4	25	28	12	22	23	0	
4	8	9	2	2	2	0	
4	0	0	0	0	0	16	
4	7	5	5	2	2	0	
4	10	8	1	4	6	0	
4	18	10	5	9	6	0	
5	36	333	266	335	315	0	
5	30	41	31	45	28	0	
5	37	1112	1221	1321	1369	0	
5	35	138	106	122	113	0	
5	20	16	9	8	13	0	
5	27	36	20	20	18	0	
5	33	62	60	77	62	0	
5	26	33	10	27	24	0	
5	28	36	24	29	24	0	
5	38	217	253	257	190	0	
5	0	0	0	0	0	99	
5	34	84	48	49	71	0	
5	13	10	4	6	5	0	
5	23	24	12	19	17	0	
5	19	17	3	12	12	0	
5	24	21	8	12	19	0	
5	17	9	7	4	9	0	
5	15	8	4	3	6	0	
5	9	4	2	3	9	0	
5	7	3	2	7	6	0	
5	29	47	14	26	30	0	
5	31	47	36	49	41	0	
5	25	27	13	15	28	0	
5	32	44	41	51	55	0	
5	12	6	3	5	4	0	
5	10	5	3	5	5	0	
5	11	11	7	3	4	0	
5	18	10	4	7	10	0	
5	14	13	3	2	8	0	
5	22	9	11	8	7	0	
5	8	7	4	11	4	0	
5	5	10	12	10	6	0	
5	21	24	3	13	16	0	
5	4	12	3	9	17	0	
5	16	18	2	6	5	0	
5	6	12	3	6	11	0	
6	36	330	297	326	280	0	
6	37	1056	1386	1334	1331	0	
6	38	181	311	254	175	0	
6	6	11	5	10	6	0	
6	17	5	9	1	7	0	
6	35	141	115	99	93	0	
6	33	84	59	68	80	0	
6	32	48	55	49	44	0	
6	31	46	45	43	38	0	
6	30	38	39	30	39	0	
6	28	31	17	24	25	0	
6	34	65	71	61	48	0	
6	0	0	0	0	0	39	
6	23	22	22	8	20	0	
6	19	22	8	8	11	0	
6	16	13	7	11	15	0	
6	13	8	4	1	9	0	
6	27	29	18	24	23	0	
6	15	13	7	4	5	0	
6	8	10	3	4	6	0	
6	10	5	8	3	6	0	
6	22	15	18	13	5	0	
6	11	6	7	4	1	0	
6	29	32	30	34	41	0	
6	18	7	6	9	4	0	
6	25	22	20	13	17	0	
6	24	21	15	18	8	0	
6	9	7	6	2	5	0	
6	20	28	9	6	8	0	
6	7	4	5	4	6	0	
6	26	34	19	21	23	0	
6	4	4	5	9	14	0	
6	14	8	9	2	3	0	
6	21	14	4	15	12	0	
6	12	3	3	2	2	0	
6	5	10	6	8	8	0	
7	36	317	275	307	294	0	
7	37	1208	1365	1239	1274	0	
7	30	43	37	34	40	0	
7	38	205	284	242	192	0	
7	17	7	7	6	4	0	
7	33	75	63	71	57	0	
7	26	37	19	23	19	0	
7	23	33	14	10	13	0	
7	34	97	67	60	65	0	
7	31	49	42	41	37	0	
7	29	44	34	30	36	0	
7	0	0	0	0	0	58	
7	27	28	23	20	24	0	
7	24	30	8	8	16	0	
7	28	33	23	24	13	0	
7	19	14	5	9	6	0	
7	32	52	61	41	52	0	
7	35	139	113	97	122	0	
7	13	8	7	2	7	0	
7	8	11	0	6	4	0	
7	15	10	7	3	3	0	
7	22	11	15	10	12	0	
7	21	24	11	9	15	0	
7	6	6	3	7	6	0	
7	11	10	2	1	2	0	
7	12	5	2	1	6	0	
7	25	18	15	13	11	0	
7	16	9	6	12	8	0	
7	18	21	6	11	17	0	
7	5	10	12	11	12	0	
7	7	4	7	3	6	0	
7	20	20	5	12	8	0	
7	10	4	3	5	4	0	
7	4	5	5	11	3	0	
7	9	9	0	5	7	0	
7	14	11	5	2	3	0	
8	36	330	282	338	292	0	
8	37	1117	1186	1396	1259	0	
8	38	199	302	295	166	0	
8	31	55	31	57	31	0	
8	35	148	114	140	104	0	
8	19	23	7	4	10	0	
8	23	18	13	15	20	0	
8	12	8	1	4	4	0	
8	33	87	60	80	62	0	
8	32	49	38	51	51	0	
8	20	23	9	15	11	0	
8	21	17	15	14	7	0	
8	0	0	0	0	0	63	
8	30	46	28	39	42	0	
8	34	81	47	56	60	0	
8	28	31	16	31	20	0	
8	16	17	2	15	6	0	
8	7	2	3	5	4	0	
8	29	49	33	38	31	0	
8	27	30	22	17	20	0	
8	9	5	3	3	3	0	
8	18	12	10	11	2	0	
8	15	8	4	4	5	0	
8	10	10	4	3	4	0	
8	25	29	15	24	17	0	
8	6	5	7	6	16	0	
8	26	19	22	35	19	0	
8	24	28	15	14	10	0	
8	22	10	9	8	13	0	
8	13	4	4	3	7	0	
8	14	7	7	4	3	0	
8	17	11	2	5	10	0	
8	5	14	14	10	7	0	
8	8	4	2	2	3	0	
8	4	2	10	10	12	0	
8	11	10	1	6	2	0	
9	37	1065	1352	1246	1365	0	
9	36	309	309	320	303	0	
9	35	121	110	116	99	0	
9	38	211	344	274	211	0	
9	7	7	2	3	9	0	
9	15	10	3	7	2	0	
9	32	47	50	50	55	0	
9	20	14	13	10	9	0	
9	27	22	24	29	22	0	
9	33	64	78	74	47	0	
9	29	37	30	36	35	0	
9	23	19	14	17	15	0	
9	0	0	0	0	0	77	
9	28	25	15	20	23	0	
9	24	18	13	13	14	0	
9	26	25	16	28	23	0	
9	34	77	42	70	65	0	
9	31	42	47	45	40	0	
9	30	42	33	34	30	0	
9	14	8	5	5	7	0	
9	17	9	14	7	8	0	
9	25	25	24	10	13	0	
9	19	11	6	6	8	0	
9	13	6	7	1	1	0	
9	22	18	12	16	15	0	
9	18	13	9	7	2	0	
9	12	5	3	3	1	0	
9	10	2	1	1	6	0	
9	4	7	11	6	12	0	
9	21	18	11	12	8	0	
9	11	2	2	2	6	0	
9	16	9	6	8	7	0	
9	9	5	5	5	2	0	
9	5	6	8	5	11	0	
9	8	8	5	2	3	0	
9	6	8	6	6	7	0	
10	16	64	9	34	144	0	
10	8	95	17	74	136	0	
10	32	61	4	20	136	0	
10	17	67	6	33	94	0	
10	19	49	4	31	110	0	
10	36	171	12	44	394	0	
10	27	57	1	17	101	0	
10	18	68	7	42	96	0	
10	7	106	36	81	138	0	
10	5	113	103	100	138	0	
10	38	45	7	7	155	0	
10	35	77	7	29	200	0	
10	14	67	9	38	112	0	
10	28	50	4	24	121	0	
10	24	45	5	27	92	0	
10	37	305	15	34	956	0	
10	25	62	8	26	101	0	
10	13	84	7	40	112	0	
10	15	64	12	31	99	0	
10	20	48	3	28	99	0	
10	4	38	76	31	50	0	
10	6	126	83	89	162	0	
10	9	77	11	59	103	0	
10	26	49	7	28	120	0	
10	0	0	0	0	0	113	
10	33	75	6	18	169	0	
10	34	79	7	30	172	0	
10	10	78	13	58	134	0	
10	11	83	11	43	126	0	
10	30	50	5	23	118	0	
10	29	55	4	16	130	0	
10	22	55	6	22	75	0	
10	21	64	6	32	125	0	
10	12	54	7	48	99	0	
10	23	60	6	21	123	0	
10	31	58	9	17	120	0	
11	7	104	138	109	35	0	
11	14	83	97	77	5	0	
11	9	89	109	100	6	0	
11	32	52	95	59	13	0	
11	15	51	79	53	4	0	
11	37	163	603	167	78	0	
11	36	107	233	109	33	0	
11	26	64	82	59	7	0	
11	11	85	117	81	15	0	
11	34	59	128	56	16	0	
11	22	49	93	45	8	0	
11	6	165	180	136	109	0	
11	31	30	101	57	18	0	
11	30	54	97	60	14	0	
11	17	49	68	58	9	0	
11	23	55	88	56	6	0	
11	12	78	88	71	3	0	
11	5	102	114	84	91	0	
11	16	58	115	77	5	0	
11	0	0	0	0	0	229	
11	4	46	44	20	82	0	
11	8	97	123	103	18	0	
11	27	47	73	51	7	0	
11	33	53	119	66	20	0	
11	19	47	62	62	6	0	
11	13	85	102	71	10	0	
11	18	79	104	58	3	0	
11	35	67	168	72	24	0	
11	24	54	95	49	8	0	
11	10	79	119	75	6	0	
11	20	57	79	78	10	0	
11	38	33	117	31	24	0	
11	25	41	81	51	7	0	
11	28	36	79	52	10	0	
11	29	45	96	47	10	0	
11	21	46	92	57	7	0	
12	12	63	37	7	102	0	
12	32	70	14	18	144	0	
12	37	366	28	51	849	0	
12	24	58	17	5	108	0	
12	6	120	122	40	174	0	
12	36	177	56	25	347	0	
12	8	113	80	7	139	0	
12	11	90	77	3	127	0	
12	10	102	54	11	112	0	
12	35	130	14	23	206	0	
12	5	100	88	46	136	0	
12	21	71	30	2	108	0	
12	25	60	18	7	110	0	
12	0	0	0	0	0	74	
12	18	88	53	5	114	0	
12	34	78	21	21	154	0	
12	14	88	42	3	138	0	
12	13	68	64	5	98	0	
12	22	57	26	9	106	0	
12	20	70	33	2	89	0	
12	29	67	16	6	123	0	
12	19	62	25	10	91	0	
12	9	90	67	3	92	0	
12	27	51	20	9	103	0	
12	4	28	29	54	39	0	
12	23	67	19	3	108	0	
12	26	67	28	11	97	0	
12	38	45	5	19	128	0	
12	17	58	37	5	88	0	
12	33	81	25	17	139	0	
12	30	59	17	15	111	0	
12	28	58	21	8	89	0	
12	16	83	45	5	116	0	
12	31	66	16	10	124	0	
12	7	119	75	20	114	0	
12	15	83	46	6	94	0	
13	32	55	14	115	43	0	
13	12	74	12	107	65	0	
13	29	47	9	95	40	0	
13	34	54	13	137	48	0	
13	37	141	92	674	99	0	
13	23	56	16	84	51	0	
13	28	32	5	91	48	0	
13	24	48	11	98	49	0	
13	19	51	16	98	47	0	
13	20	60	8	98	66	0	
13	35	78	15	191	42	0	
13	18	78	17	92	49	0	
13	22	40	5	86	48	0	
13	33	43	10	137	40	0	
13	10	88	38	106	81	0	
13	6	156	117	152	121	0	
13	21	77	16	102	61	0	
13	0	0	0	0	0	161	
13	30	62	8	106	39	0	
13	27	45	9	94	46	0	
13	5	118	95	122	97	0	
13	14	79	10	113	61	0	
13	8	108	45	127	95	0	
13	16	77	15	98	64	0	
13	7	116	66	116	98	0	
13	15	56	20	82	65	0	
13	11	81	30	98	67	0	
13	31	55	11	103	43	0	
13	38	20	22	102	18	0	
13	36	91	50	251	90	0	
13	26	48	8	94	49	0	
13	4	39	58	37	36	0	
13	13	93	21	90	67	0	
13	9	81	20	91	66	0	
13	25	58	10	92	31	0	
13	17	48	12	106	47	0	
14	37	105	962	115	71	0	
14	26	32	107	17	35	0	
14	9	64	100	10	76	0	
14	15	40	98	3	46	0	
14	24	41	130	9	37	0	
14	34	26	185	12	26	0	
14	6	117	153	101	123	0	
14	18	59	127	7	45	0	
14	10	75	134	15	67	0	
14	33	38	177	10	32	0	
14	22	37	100	23	34	0	
14	23	48	120	7	44	0	
14	30	22	145	14	34	0	
14	19	48	82	6	39	0	
14	11	70	137	12	74	0	
14	27	32	120	12	29	0	
14	0	0	0	0	0	276	
14	31	24	147	12	27	0	
14	36	79	386	46	61	0	
14	38	10	114	25	8	0	
14	7	94	132	43	96	0	
14	5	83	112	75	96	0	
14	16	54	130	10	51	0	
14	35	40	238	22	34	0	
14	25	33	100	6	24	0	
14	32	30	141	17	32	0	
14	21	41	124	5	42	0	
14	8	91	124	45	72	0	
14	17	43	88	6	46	0	
14	12	51	96	11	52	0	
14	14	63	122	13	60	0	
14	20	33	96	8	37	0	
14	28	29	113	13	27	0	
14	13	69	120	9	53	0	
14	29	34	125	13	38	0	
14	4	38	31	58	37	0	
15	36	68	88	811	93	0	
15	33	8	14	297	9	0	
15	26	1	10	175	1	0	
15	37	22	26	2518	10	0	
15	35	31	12	466	5	0	
15	7	18	41	96	18	0	
15	27	1	4	176	2	0	
15	25	0	6	144	0	0	
15	38	7	10	389	4	0	
15	28	1	8	152	1	0	
15	6	23	42	120	24	0	
15	8	9	45	128	13	0	
15	34	8	3	337	7	0	
15	32	3	5	255	1	0	
15	30	2	6	202	1	0	
15	14	4	20	92	7	0	
15	23	2	6	151	0	0	
15	19	1	12	116	3	0	
15	20	1	4	115	2	0	
15	29	1	3	202	1	0	
15	13	2	23	99	7	0	
15	0	0	0	0	0	92	
15	11	9	25	83	12	0	
15	5	28	57	104	29	0	
15	10	10	29	101	11	0	
15	9	9	29	85	8	0	
15	24	1	4	160	3	0	
15	18	2	17	119	3	0	
15	15	1	19	98	4	0	
15	21	1	8	115	2	0	
15	31	4	1	242	3	0	
15	22	0	15	123	2	0	
15	16	3	18	152	3	0	
15	12	2	19	87	7	0	
15	17	1	6	70	3	0	
15	4	30	27	34	19	0	
16	36	338	299	296	321	0	
16	37	1172	1188	1306	1352	0	
16	38	220	276	272	178	0	
16	35	158	104	119	142	0	
16	31	53	34	35	49	0	
16	16	12	5	15	5	0	
16	20	14	3	10	11	0	
16	32	53	43	50	41	0	
16	24	18	15	14	20	0	
16	34	104	67	57	77	0	
16	21	24	14	16	14	0	
16	29	34	34	29	30	0	
16	30	40	33	41	23	0	
16	22	11	10	7	16	0	
16	33	58	59	63	59	0	
16	17	14	4	7	7	0	
16	28	29	21	22	24	0	
16	19	7	8	9	10	0	
16	27	36	13	22	26	0	
16	23	28	17	12	15	0	
16	10	7	5	7	7	0	
16	15	6	2	6	6	0	
16	0	0	0	0	0	57	
16	6	4	9	7	6	0	
16	8	5	4	4	4	0	
16	9	4	2	4	7	0	
16	11	4	4	8	3	0	
16	25	22	13	16	21	0	
16	7	3	1	10	9	0	
16	18	17	6	4	4	0	
16	5	2	7	10	8	0	
16	13	12	4	3	9	0	
16	26	26	14	23	19	0	
16	4	7	3	4	10	0	
16	14	7	2	9	3	0	
16	12	5	3	6	4	0	
17	36	372	276	293	330	0	
17	37	1176	1153	1206	1402	0	
17	38	215	322	242	204	0	
17	34	73	67	58	78	0	
17	35	131	102	130	145	0	
17	21	25	13	11	9	0	
17	26	33	16	14	19	0	
17	30	44	30	41	35	0	
17	15	5	5	4	3	0	
17	19	12	6	10	5	0	
17	31	55	36	43	50	0	
17	24	18	9	17	18	0	
17	25	35	15	15	20	0	
17	33	100	64	58	61	0	
17	32	53	49	43	50	0	
17	22	15	11	10	15	0	
17	28	25	19	27	21	0	
17	11	6	3	3	4	0	
17	13	7	0	10	5	0	
17	16	11	3	11	11	0	
17	29	41	30	17	25	0	
17	27	29	20	12	28	0	
17	0	0	0	0	0	84	
17	6	5	7	7	5	0	
17	5	3	15	11	11	0	
17	18	15	4	9	5	0	
17	8	2	4	4	4	0	
17	9	6	2	4	8	0	
17	20	10	9	10	11	0	
17	23	28	25	15	17	0	
17	14	9	3	3	7	0	
17	10	5	2	5	3	0	
17	12	7	2	2	4	0	
17	7	8	3	4	5	0	
17	4	5	7	9	7	0	
17	17	4	2	5	6	0	
18	33	77	54	65	80	0	
18	37	1004	1292	1169	1359	0	
18	38	178	321	256	216	0	
18	36	321	290	287	355	0	
18	35	126	124	113	147	0	
18	27	23	20	33	27	0	
18	23	25	15	16	17	0	
18	22	16	15	11	21	0	
18	25	16	18	19	23	0	
18	31	50	48	45	45	0	
18	29	36	27	29	40	0	
18	26	29	19	20	31	0	
18	34	97	72	67	87	0	
18	21	20	14	8	20	0	
18	18	13	9	10	9	0	
18	32	54	41	35	41	0	
18	28	27	17	26	41	0	
18	30	44	38	34	32	0	
18	7	4	5	7	8	0	
18	4	9	9	8	12	0	
18	24	21	19	9	18	0	
18	16	14	4	4	23	0	
18	19	14	8	11	12	0	
18	6	1	8	8	8	0	
18	17	14	4	5	1	0	
18	15	4	5	3	5	0	
18	0	0	0	0	0	52	
18	8	8	3	8	8	0	
18	13	8	4	3	3	0	
18	12	8	8	8	3	0	
18	5	4	8	11	18	0	
18	10	9	6	5	4	0	
18	9	5	3	2	10	0	
18	11	4	2	5	2	0	
18	14	9	5	3	4	0	
18	20	19	7	13	9	0	
19	36	378	275	332	346	0	
19	37	1131	1105	1209	1325	0	
19	38	211	294	284	225	0	
19	32	67	45	44	55	0	
19	21	15	12	10	13	0	
19	28	39	22	13	26	0	
19	23	27	9	16	21	0	
19	16	13	8	6	6	0	
19	35	155	79	111	124	0	
19	30	48	35	28	41	0	
19	33	98	56	78	71	0	
19	26	30	14	21	22	0	
19	34	92	62	70	82	0	
19	0	0	0	0	0	26	
19	24	20	9	15	19	0	
19	13	10	11	5	8	0	
19	22	18	7	10	11	0	
19	27	28	20	26	25	0	
19	31	50	29	52	33	0	
19	25	19	18	18	20	0	
19	8	10	3	5	7	0	
19	7	8	4	7	8	0	
19	20	17	9	9	10	0	
19	29	47	26	32	27	0	
19	11	16	3	4	1	0	
19	14	16	4	1	8	0	
19	10	8	5	3	5	0	
19	18	19	3	7	11	0	
19	9	9	4	5	2	0	
19	19	16	12	11	9	0	
19	12	11	5	4	3	0	
19	4	10	7	7	8	0	
19	15	12	4	8	5	0	
19	17	15	3	5	6	0	
19	5	9	8	4	14	0	
19	6	11	7	7	10	0	
20	38	189	340	294	203	0	
20	37	1050	1310	1188	1256	0	
20	32	58	53	48	45	0	
20	36	330	318	299	330	0	
20	23	32	16	19	22	0	
20	7	5	4	6	4	0	
20	29	39	30	27	31	0	
20	13	11	2	9	3	0	
20	33	84	64	52	70	0	
20	35	139	120	118	125	0	
20	17	8	4	8	11	0	
20	30	43	45	31	34	0	
20	34	93	72	67	70	0	
20	25	20	17	26	22	0	
20	24	23	14	22	21	0	
20	26	24	18	23	21	0	
20	19	13	10	8	11	0	
20	5	13	15	10	12	0	
20	12	7	8	4	4	0	
20	28	38	21	21	13	0	
20	22	10	13	12	13	0	
20	9	9	6	6	6	0	
20	27	24	24	24	17	0	
20	31	42	48	44	49	0	
20	21	16	13	18	11	0	
20	6	6	1	7	10	0	
20	16	16	7	8	8	0	
20	0	0	0	0	0	40	
20	8	4	2	5	5	0	
20	18	16	8	9	10	0	
20	15	5	4	4	5	0	
20	11	8	5	3	7	0	
20	20	11	8	10	11	0	
20	14	4	3	4	11	0	
20	4	6	3	6	9	0	
20	10	5	3	6	4	0	
21	32	62	58	53	40	0	
21	37	1009	1375	1222	1198	0	
21	36	325	290	330	342	0	
21	38	217	363	286	229	0	
21	30	44	34	40	27	0	
21	17	11	9	4	5	0	
21	8	6	5	5	2	0	
21	34	85	64	65	64	0	
21	31	33	45	43	36	0	
21	35	158	118	115	112	0	
21	33	76	75	74	57	0	
21	26	19	24	17	23	0	
21	0	0	0	0	0	46	
21	24	19	12	18	9	0	
21	22	15	18	12	14	0	
21	28	23	18	26	22	0	
21	21	28	9	10	17	0	
21	25	24	22	16	26	0	
21	19	9	12	11	9	0	
21	29	44	29	41	33	0	
21	18	8	5	5	11	0	
21	4	7	10	1	3	0	
21	15	4	6	8	6	0	
21	27	19	25	22	23	0	
21	6	7	9	10	8	0	
21	23	21	12	18	9	0	
21	13	12	7	7	5	0	
21	14	3	7	5	7	0	
21	16	9	9	12	11	0	
21	5	12	6	5	7	0	
21	20	12	7	10	9	0	
21	9	4	6	3	4	0	
21	10	9	3	8	3	0	
21	7	6	7	4	2	0	
21	12	8	4	3	4	0	
21	11	7	6	2	2	0	
22	38	215	335	267	207	0	
22	37	1094	1263	1205	1242	0	
22	35	158	110	127	131	0	
22	32	78	38	58	48	0	
22	22	15	8	16	10	0	
22	15	11	4	7	6	0	
22	31	45	39	42	37	0	
22	33	71	50	54	48	0	
22	34	91	66	70	66	0	
22	29	42	28	27	39	0	
22	36	331	293	278	321	0	
22	26	35	17	14	24	0	
22	25	27	22	17	27	0	
22	24	19	8	18	16	0	
22	0	0	0	0	0	112	
22	20	12	12	12	11	0	
22	12	10	2	4	6	0	
22	6	7	9	9	8	0	
22	23	19	17	20	19	0	
22	7	8	8	4	5	0	
22	28	25	20	18	19	0	
22	18	16	10	13	8	0	
22	19	15	12	11	8	0	
22	8	4	3	10	4	0	
22	11	6	4	3	4	0	
22	16	13	5	11	12	0	
22	13	12	6	6	12	0	
22	5	7	10	10	12	0	
22	30	49	39	36	26	0	
22	9	4	4	2	4	0	
22	27	36	18	19	30	0	
22	4	8	2	9	12	0	
22	21	15	15	8	17	0	
22	17	10	4	9	6	0	
22	14	11	5	3	9	0	
22	10	4	3	2	3	0	
23	35	160	93	136	122	0	
23	37	1100	1175	1315	1123	0	
23	38	256	323	291	238	0	
23	33	93	56	58	60	0	
23	36	348	296	350	282	0	
23	15	8	4	1	4	0	
23	6	4	11	6	6	0	
23	30	36	35	36	35	0	
23	20	10	10	8	15	0	
23	28	25	21	24	16	0	
23	21	12	15	13	16	0	
23	25	18	11	21	18	0	
23	29	51	33	35	26	0	
23	0	0	0	0	0	49	
23	32	65	41	48	43	0	
23	19	14	8	7	8	0	
23	13	12	5	3	6	0	
23	24	20	9	12	18	0	
23	23	23	15	23	17	0	
23	31	62	41	48	44	0	
23	4	3	7	5	5	0	
23	34	116	63	68	60	0	
23	12	8	4	4	7	0	
23	22	18	10	14	17	0	
23	14	16	7	7	7	0	
23	18	17	5	10	11	0	
23	27	33	21	19	28	0	
23	26	32	21	34	17	0	
23	9	19	4	3	3	0	
23	16	11	7	7	5	0	
23	7	6	7	3	7	0	
23	5	14	10	7	7	0	
23	10	4	3	8	4	0	
23	8	5	2	7	7	0	
23	11	6	4	5	4	0	
23	17	9	4	6	8	0	
24	29	48	29	31	20	0	
24	35	141	102	116	117	0	
24	36	286	351	308	312	0	
24	37	1063	1361	1227	1132	0	
24	38	203	368	295	245	0	
24	24	22	9	13	15	0	
24	32	50	56	53	30	0	
24	26	27	25	27	12	0	
24	11	7	6	2	5	0	
24	33	87	74	54	59	0	
24	16	12	8	5	1	0	
24	34	93	62	68	73	0	
24	23	19	10	14	14	0	
24	22	25	7	11	8	0	
24	25	25	12	26	15	0	
24	20	17	10	6	14	0	
24	31	52	47	39	37	0	
24	28	32	22	30	19	0	
24	30	51	45	29	37	0	
24	17	11	11	7	10	0	
24	13	6	5	2	5	0	
24	21	21	10	12	15	0	
24	18	20	7	9	11	0	
24	6	11	9	10	12	0	
24	0	0	0	0	0	70	
24	15	7	7	4	3	0	
24	27	28	24	29	15	0	
24	7	7	6	6	2	0	
24	9	5	4	7	4	0	
24	19	18	9	11	9	0	
24	8	4	5	5	6	0	
24	14	12	4	7	1	0	
24	5	6	6	11	7	0	
24	4	2	5	4	12	0	
24	10	6	1	4	5	0	
24	12	11	6	1	7	0	
25	37	1225	1210	1207	1161	0	
25	36	360	280	315	295	0	
25	35	167	130	112	101	0	
25	38	245	335	311	210	0	
25	31	59	37	39	36	0	
25	11	12	2	4	1	0	
25	20	19	8	8	11	0	
25	28	37	20	30	24	0	
25	34	88	54	61	73	0	
25	22	17	15	7	10	0	
25	32	61	44	47	51	0	
25	10	4	3	2	4	0	
25	15	8	5	6	8	0	
25	33	104	54	84	53	0	
25	23	30	17	9	16	0	
25	27	37	23	18	11	0	
25	25	34	18	17	16	0	
25	18	17	5	12	7	0	
25	5	13	9	5	10	0	
25	7	10	8	4	5	0	
25	0	0	0	0	0	31	
25	29	40	24	29	29	0	
25	16	10	8	6	7	0	
25	30	44	29	37	27	0	
25	21	20	11	13	8	0	
25	4	6	8	5	13	0	
25	24	40	17	19	15	0	
25	8	6	6	7	5	0	
25	19	12	11	8	8	0	
25	6	6	7	3	11	0	
25	26	29	16	27	15	0	
25	9	8	1	3	3	0	
25	13	9	1	4	3	0	
25	12	4	2	1	1	0	
25	17	6	8	5	7	0	
25	14	12	10	9	5	0	
26	28	101	9	39	39	0	
26	21	128	10	42	62	0	
26	12	100	14	69	71	0	
26	37	890	74	134	77	0	
26	11	142	17	86	81	0	
26	24	123	11	43	45	0	
26	13	113	10	65	66	0	
26	29	123	12	42	46	0	
26	31	122	13	36	48	0	
26	8	166	20	112	103	0	
26	6	157	53	133	115	0	
26	7	155	23	105	97	0	
26	35	184	13	45	46	0	
26	15	100	8	60	80	0	
26	36	378	34	112	69	0	
26	5	161	48	108	99	0	
26	20	90	14	55	40	0	
26	17	95	16	58	58	0	
26	19	100	12	45	51	0	
26	0	0	0	0	0	34	
26	4	39	44	24	36	0	
26	34	156	11	42	40	0	
26	38	115	15	25	9	0	
26	9	99	12	71	89	0	
26	30	120	9	50	32	0	
26	26	97	15	33	40	0	
26	27	88	12	45	43	0	
26	33	140	12	45	35	0	
26	32	121	9	51	38	0	
26	22	101	14	54	45	0	
26	10	90	20	76	69	0	
26	25	102	9	33	38	0	
26	16	108	17	73	59	0	
26	18	117	10	61	67	0	
26	23	98	10	42	32	0	
26	14	99	16	66	57	0	
27	10	113	65	119	92	0	
27	8	119	83	110	91	0	
27	14	118	69	83	72	0	
27	9	104	61	92	49	0	
27	33	66	33	70	29	0	
27	6	198	129	150	134	0	
27	37	177	145	294	50	0	
27	36	142	86	119	100	0	
27	27	63	37	67	43	0	
27	22	60	43	51	38	0	
27	35	82	56	87	37	0	
27	19	101	36	67	43	0	
27	38	14	21	34	2	0	
27	16	97	62	104	61	0	
27	4	33	23	24	25	0	
27	30	38	46	54	35	0	
27	20	61	45	64	29	0	
27	26	82	52	66	32	0	
27	7	144	95	99	103	0	
27	15	70	50	66	55	0	
27	32	60	43	66	36	0	
27	13	100	66	69	52	0	
27	34	78	49	77	28	0	
27	11	100	65	91	77	0	
27	12	79	55	79	47	0	
27	31	55	31	46	26	0	
27	0	0	0	0	0	254	
27	24	79	46	70	49	0	
27	29	61	44	63	35	0	
27	18	87	72	66	56	0	
27	21	71	53	75	40	0	
27	25	64	26	53	30	0	
27	5	146	98	108	120	0	
27	28	62	32	58	26	0	
27	17	58	45	64	37	0	
27	23	58	58	59	43	0	
28	37	260	343	173	154	0	
28	4	52	29	42	91	0	
28	32	74	77	65	21	0	
28	21	88	70	60	9	0	
28	16	93	93	89	8	0	
28	38	34	77	22	25	0	
28	8	121	105	110	19	0	
28	31	61	59	47	14	0	
28	5	130	104	102	95	0	
28	20	53	67	49	17	0	
28	33	59	77	66	10	0	
28	34	105	106	68	29	0	
28	14	104	75	105	5	0	
28	11	111	88	91	4	0	
28	17	70	84	53	9	0	
28	12	87	80	65	5	0	
28	19	67	81	59	3	0	
28	13	81	99	72	13	0	
28	7	159	111	105	28	0	
28	25	56	63	36	14	0	
28	6	164	119	140	106	0	
28	26	79	57	51	14	0	
28	10	106	108	82	16	0	
28	27	60	67	50	6	0	
28	23	75	66	54	15	0	
28	36	158	156	115	53	0	
28	22	85	68	49	11	0	
28	28	59	56	63	15	0	
28	9	101	98	102	5	0	
28	35	92	93	76	36	0	
28	29	58	65	54	11	0	
28	30	67	76	52	22	0	
28	18	99	82	56	8	0	
28	15	82	77	60	7	0	
28	24	77	75	66	11	0	
28	0	0	0	0	0	164	
29	13	68	75	11	133	0	
29	30	31	30	14	126	0	
29	15	52	39	14	96	0	
29	7	102	116	28	164	0	
29	8	88	94	17	150	0	
29	36	119	98	27	379	0	
29	5	109	96	80	115	0	
29	38	9	6	17	115	0	
29	37	89	87	60	898	0	
29	34	27	35	16	163	0	
29	23	55	36	17	116	0	
29	25	36	29	10	96	0	
29	12	52	57	8	99	0	
29	33	46	43	20	155	0	
29	21	52	40	13	125	0	
29	16	46	68	7	100	0	
29	17	35	41	8	87	0	
29	28	42	30	21	99	0	
29	35	49	42	14	213	0	
29	32	35	39	11	135	0	
29	31	34	29	14	114	0	
29	11	61	65	14	127	0	
29	0	0	0	0	0	222	
29	9	79	81	14	120	0	
29	6	124	116	65	151	0	
29	29	43	29	17	125	0	
29	20	45	40	10	100	0	
29	14	56	52	18	118	0	
29	22	39	31	10	101	0	
29	27	34	39	7	114	0	
29	4	30	41	54	48	0	
29	24	36	39	7	111	0	
29	18	59	43	11	133	0	
29	19	45	48	10	101	0	
29	26	37	41	10	118	0	
29	10	69	84	25	122	0	
30	16	9	74	95	62	0	
30	36	93	151	212	92	0	
30	18	8	78	86	66	0	
30	22	7	70	99	39	0	
30	37	197	247	553	66	0	
30	20	8	72	75	46	0	
30	10	22	92	104	101	0	
30	13	11	92	97	73	0	
30	29	13	46	86	39	0	
30	21	5	81	101	60	0	
30	11	24	100	97	85	0	
30	8	33	104	134	86	0	
30	9	14	88	115	75	0	
30	35	35	90	164	35	0	
30	26	8	61	81	46	0	
30	6	103	119	160	134	0	
30	17	4	65	68	40	0	
30	0	0	0	0	0	200	
30	25	12	53	87	48	0	
30	5	62	102	102	119	0	
30	33	22	82	92	33	0	
30	4	52	24	31	28	0	
30	32	13	62	93	41	0	
30	24	7	63	74	55	0	
30	27	5	50	83	43	0	
30	31	13	75	75	44	0	
30	19	5	60	86	51	0	
30	7	42	118	114	108	0	
30	30	11	73	108	36	0	
30	14	23	80	95	61	0	
30	23	11	49	90	52	0	
30	15	7	69	82	49	0	
30	38	39	42	114	19	0	
30	12	7	78	81	70	0	
30	28	9	66	73	35	0	
30	34	36	68	106	36	0	
31	33	204	7	13	47	0	
31	20	153	22	10	52	0	
31	16	132	30	16	75	0	
31	36	516	31	20	47	0	
31	9	132	56	16	70	0	
31	23	120	15	11	36	0	
31	19	127	16	17	38	0	
31	26	154	6	11	48	0	
31	21	128	27	14	46	0	
31	28	114	12	11	31	0	
31	37	1287	13	33	68	0	
31	10	114	55	16	79	0	
31	30	140	13	13	34	0	
31	8	144	40	28	104	0	
31	29	156	8	12	34	0	
31	7	170	77	24	99	0	
31	35	289	13	12	43	0	
31	6	173	87	37	104	0	
31	27	135	9	9	34	0	
31	22	139	28	14	50	0	
31	31	159	7	12	38	0	
31	17	100	24	16	62	0	
31	11	161	33	13	64	0	
31	24	157	17	11	41	0	
31	14	131	40	11	62	0	
31	4	27	11	17	11	0	
31	5	135	82	35	101	0	
31	38	178	3	14	9	0	
31	13	124	42	11	66	0	
31	32	170	7	12	44	0	
31	18	126	24	13	45	0	
31	34	210	10	10	42	0	
31	12	113	32	13	61	0	
31	25	131	10	5	50	0	
31	15	118	28	15	55	0	
31	0	0	0	0	0	63	
32	27	9	52	110	18	0	
32	33	18	51	146	24	0	
32	12	7	80	90	36	0	
32	36	98	93	321	76	0	
32	37	225	153	907	19	0	
32	26	8	63	102	21	0	
32	22	6	38	85	21	0	
32	6	74	119	165	87	0	
32	18	13	62	126	29	0	
32	24	9	72	123	21	0	
32	10	26	89	117	42	0	
32	30	17	67	134	18	0	
32	16	7	65	112	45	0	
32	25	4	57	103	15	0	
32	29	10	58	136	13	0	
32	7	34	110	166	70	0	
32	28	9	53	111	14	0	
32	17	8	65	86	20	0	
32	5	59	88	135	72	0	
32	35	24	66	201	25	0	
32	8	29	122	147	57	0	
32	13	8	74	106	45	0	
32	19	6	61	128	25	0	
32	14	11	79	113	39	0	
32	23	8	73	110	26	0	
32	20	5	71	105	20	0	
32	38	46	32	148	3	0	
32	9	8	96	123	58	0	
32	0	0	0	0	0	188	
32	34	24	60	156	22	0	
32	32	16	47	129	13	0	
32	11	20	60	119	40	0	
32	21	9	70	119	34	0	
32	31	12	47	118	18	0	
32	15	7	75	122	32	0	
32	4	48	17	34	34	0	
33	7	152	80	101	14	0	
33	27	132	15	47	16	0	
33	24	132	22	57	15	0	
33	37	1128	7	53	145	0	
33	31	155	11	30	15	0	
33	34	201	11	45	19	0	
33	20	112	17	47	5	0	
33	15	112	26	56	7	0	
33	26	116	19	35	11	0	
33	36	441	76	79	97	0	
33	17	125	32	67	8	0	
33	30	163	14	31	20	0	
33	0	0	0	0	0	62	
33	23	125	17	43	10	0	
33	10	131	41	80	6	0	
33	8	148	64	73	11	0	
33	9	116	57	97	13	0	
33	19	126	22	53	9	0	
33	6	166	99	117	22	0	
33	13	123	57	75	8	0	
33	38	149	1	6	40	0	
33	11	131	47	78	10	0	
33	14	141	46	73	7	0	
33	35	282	12	44	31	0	
33	5	134	96	104	37	0	
33	16	117	43	62	9	0	
33	33	189	20	46	30	0	
33	28	116	20	39	13	0	
33	32	180	14	38	22	0	
33	18	111	27	56	7	0	
33	22	82	15	38	7	0	
33	25	119	11	34	8	0	
33	12	141	49	72	6	0	
33	29	128	11	32	14	0	
33	21	124	17	48	7	0	
33	4	44	24	28	23	0	
34	19	74	13	35	85	0	
34	32	73	15	20	124	0	
34	37	318	82	56	674	0	
34	21	65	13	40	101	0	
34	9	103	7	72	95	0	
34	24	62	23	24	90	0	
34	36	214	30	88	278	0	
34	28	64	16	32	86	0	
34	22	60	20	25	113	0	
34	27	72	11	19	94	0	
34	25	54	15	33	91	0	
34	34	87	25	28	144	0	
34	33	84	22	25	121	0	
34	26	57	18	31	101	0	
34	6	150	57	110	167	0	
34	16	84	16	52	106	0	
34	10	95	14	51	118	0	
34	17	71	9	45	100	0	
34	5	116	50	77	99	0	
34	4	32	59	21	38	0	
34	23	60	22	31	116	0	
34	35	136	27	32	194	0	
34	18	87	16	45	109	0	
34	20	68	16	36	72	0	
34	8	97	16	68	134	0	
34	7	110	19	114	131	0	
34	29	65	22	34	79	0	
34	31	72	17	31	104	0	
34	13	78	20	42	109	0	
34	11	85	19	60	126	0	
34	0	0	0	0	0	97	
34	30	74	18	16	113	0	
34	14	67	10	43	92	0	
34	38	42	22	6	112	0	
34	15	58	16	40	78	0	
34	12	69	9	54	86	0	
35	26	58	96	19	43	0	
35	20	42	70	12	59	0	
35	7	110	165	32	107	0	
35	37	214	698	95	100	0	
35	14	75	127	21	71	0	
35	15	61	97	13	69	0	
35	9	89	118	10	80	0	
35	23	52	91	15	40	0	
35	24	63	92	18	49	0	
35	12	62	91	5	64	0	
35	29	52	92	21	33	0	
35	18	63	99	10	56	0	
35	11	77	121	20	68	0	
35	10	78	115	16	69	0	
35	17	60	82	13	61	0	
35	6	143	192	74	124	0	
35	19	55	88	9	52	0	
35	32	47	115	24	38	0	
35	16	68	93	19	52	0	
35	36	96	261	49	93	0	
35	38	35	90	25	15	0	
35	33	61	126	21	46	0	
35	5	89	111	54	92	0	
35	27	46	90	18	39	0	
35	8	94	147	24	98	0	
35	25	46	97	15	41	0	
35	34	54	137	24	32	0	
35	35	75	176	29	62	0	
35	21	37	109	12	64	0	
35	31	48	96	25	45	0	
35	13	75	107	10	78	0	
35	4	24	26	48	24	0	
35	22	56	83	16	52	0	
35	30	53	104	15	41	0	
35	0	0	0	0	0	177	
35	28	48	84	13	30	0	
36	38	21	39	102	8	0	
36	23	38	13	116	59	0	
36	21	44	15	129	54	0	
36	19	44	11	90	46	0	
36	32	25	21	141	27	0	
36	14	79	13	132	56	0	
36	11	71	15	130	80	0	
36	27	35	13	117	34	0	
36	10	68	21	113	76	0	
36	35	52	32	207	44	0	
36	8	100	28	123	90	0	
36	25	31	13	106	31	0	
36	13	67	16	139	66	0	
36	37	116	171	802	81	0	
36	6	114	55	180	128	0	
36	18	72	12	110	70	0	
36	33	42	25	152	39	0	
36	12	58	14	102	50	0	
36	31	42	24	120	31	0	
36	36	72	70	288	65	0	
36	7	99	33	132	93	0	
36	15	49	12	109	50	0	
36	34	42	23	162	35	0	
36	17	43	20	102	52	0	
36	9	89	14	132	63	0	
36	16	72	11	135	58	0	
36	5	84	42	125	85	0	
36	28	26	11	103	28	0	
36	29	38	15	117	31	0	
36	30	35	20	124	29	0	
36	20	52	16	101	46	0	
36	0	0	0	0	0	150	
36	26	47	17	106	34	0	
36	24	53	19	116	51	0	
36	22	46	12	113	42	0	
36	4	20	24	34	12	0	
37	20	60	31	51	49	0	
37	6	150	103	127	155	0	
37	9	75	73	97	76	0	
37	11	103	79	62	84	0	
37	8	94	84	106	90	0	
37	36	169	78	90	117	0	
37	12	75	73	68	80	0	
37	13	114	69	80	87	0	
37	15	88	37	62	70	0	
37	35	88	54	63	75	0	
37	31	74	38	48	68	0	
37	33	89	38	55	69	0	
37	17	60	51	59	64	0	
37	37	285	138	164	158	0	
37	7	129	79	109	107	0	
37	27	61	40	48	54	0	
37	10	115	74	80	96	0	
37	5	114	64	92	104	0	
37	18	75	51	61	82	0	
37	24	62	41	38	66	0	
37	16	83	57	58	79	0	
37	26	67	36	64	59	0	
37	14	94	57	97	56	0	
37	21	75	52	45	59	0	
37	4	22	9	21	27	0	
37	32	62	42	55	53	0	
37	19	77	52	63	72	0	
37	30	56	32	43	73	0	
37	25	52	33	45	31	0	
37	28	64	31	51	47	0	
37	29	57	44	56	55	0	
37	22	54	41	50	58	0	
37	23	77	50	56	60	0	
37	34	66	34	39	66	0	
37	0	0	0	0	0	207	
37	38	31	20	25	17	0	
38	37	339	116	200	17	0	
38	19	67	51	70	33	0	
38	18	91	45	70	43	0	
38	12	88	60	86	44	0	
38	25	68	36	61	20	0	
38	32	86	50	66	13	0	
38	15	97	57	69	42	0	
38	6	178	140	142	133	0	
38	34	82	35	68	19	0	
38	13	94	70	112	46	0	
38	14	118	64	79	59	0	
38	24	80	54	59	25	0	
38	31	73	37	59	14	0	
38	8	120	76	97	68	0	
38	7	154	94	126	73	0	
38	22	79	61	54	24	0	
38	4	41	15	27	27	0	
38	9	95	63	102	52	0	
38	29	77	37	74	18	0	
38	5	139	90	103	109	0	
38	0	0	0	0	0	192	
38	11	103	65	103	58	0	
38	23	97	55	78	26	0	
38	33	78	55	78	20	0	
38	36	190	64	115	70	0	
38	10	113	71	82	56	0	
38	27	79	50	49	19	0	
38	17	82	57	60	24	0	
38	16	124	65	86	47	0	
38	20	70	48	75	22	0	
38	26	100	41	82	28	0	
38	30	74	40	59	15	0	
38	35	137	59	79	19	0	
38	21	90	51	73	46	0	
38	38	36	16	32	2	0	
38	28	60	44	55	16	0	
39	37	212	364	315	233	0	
39	19	52	59	76	11	0	
39	18	71	80	75	8	0	
39	12	64	88	64	9	0	
39	35	67	125	120	32	0	
39	10	89	93	82	17	0	
39	25	55	54	63	15	0	
39	26	64	74	82	14	0	
39	29	54	66	71	20	0	
39	9	89	81	84	11	0	
39	27	53	65	82	11	0	
39	22	51	59	65	16	0	
39	32	53	75	78	13	0	
39	13	80	69	86	13	0	
39	33	63	85	101	24	0	
39	5	96	90	87	72	0	
39	21	64	59	65	12	0	
39	4	29	20	27	69	0	
39	7	117	120	105	39	0	
39	16	71	72	80	11	0	
39	36	109	163	146	66	0	
39	8	133	100	103	17	0	
39	30	62	71	56	20	0	
39	23	64	57	77	23	0	
39	24	58	61	84	11	0	
39	20	65	58	73	13	0	
39	34	69	79	82	27	0	
39	6	150	122	128	102	0	
39	0	0	0	0	0	229	
39	31	47	65	51	19	0	
39	11	95	67	86	18	0	
39	15	74	67	73	12	0	
39	17	52	79	67	10	0	
39	38	26	77	50	34	0	
39	14	109	85	86	14	0	
39	28	46	66	77	20	0	
40	9	98	43	83	110	0	
40	21	60	19	67	75	0	
40	16	93	37	54	88	0	
40	37	200	9	201	316	0	
40	13	83	32	62	89	0	
40	6	160	113	132	143	0	
40	38	25	6	28	62	0	
40	36	137	30	135	152	0	
40	5	108	97	120	113	0	
40	4	26	60	24	31	0	
40	15	79	22	59	93	0	
40	14	76	27	74	107	0	
40	7	103	76	101	138	0	
40	27	58	16	51	80	0	
40	26	68	20	53	71	0	
40	29	53	10	54	70	0	
40	19	58	17	60	87	0	
40	22	55	19	58	92	0	
40	10	87	67	89	113	0	
40	31	53	16	59	82	0	
40	0	0	0	0	0	218	
40	8	114	53	99	131	0	
40	23	58	25	57	84	0	
40	18	80	30	84	100	0	
40	30	49	10	54	74	0	
40	33	62	20	55	97	0	
40	28	49	7	44	69	0	
40	20	72	6	62	84	0	
40	11	92	57	90	97	0	
40	12	66	29	63	107	0	
40	35	83	16	78	108	0	
40	32	63	14	61	78	0	
40	17	76	20	56	75	0	
40	25	60	10	46	74	0	
40	24	57	20	53	68	0	
40	34	76	12	65	91	0	
41	9	94	22	75	104	0	
41	25	53	13	19	90	0	
41	27	64	10	33	83	0	
41	11	105	32	64	106	0	
41	6	160	168	138	162	0	
41	14	88	22	68	89	0	
41	33	80	17	29	118	0	
41	36	131	22	70	222	0	
41	37	212	44	97	524	0	
41	8	122	50	95	118	0	
41	34	65	12	26	120	0	
41	38	24	16	7	112	0	
41	5	129	131	104	128	0	
41	10	97	44	83	105	0	
41	0	0	0	0	0	244	
41	18	85	24	58	114	0	
41	20	66	11	30	77	0	
41	21	75	24	36	96	0	
41	15	69	18	33	85	0	
41	31	60	12	30	75	0	
41	13	71	35	74	107	0	
41	29	65	20	41	90	0	
41	16	80	23	38	113	0	
41	30	58	14	31	76	0	
41	24	61	11	41	82	0	
41	19	75	17	45	84	0	
41	26	44	16	38	81	0	
41	32	64	20	30	80	0	
41	22	59	21	25	89	0	
41	28	48	15	26	79	0	
41	4	31	86	41	52	0	
41	7	110	73	108	140	0	
41	35	99	10	38	160	0	
41	12	70	33	59	74	0	
41	17	71	12	37	70	0	
41	23	70	6	45	80	0	
42	33	43	51	79	56	0	
42	37	104	131	368	74	0	
42	22	44	39	73	41	0	
42	27	59	41	62	36	0	
42	36	116	111	147	97	0	
42	24	61	47	72	47	0	
42	18	88	56	71	50	0	
42	5	123	115	94	116	0	
42	32	33	35	84	32	0	
42	13	85	56	94	64	0	
42	10	100	77	99	78	0	
42	9	82	77	104	70	0	
42	30	55	42	50	43	0	
42	21	54	52	74	42	0	
42	16	67	69	84	82	0	
42	17	60	52	87	52	0	
42	14	75	78	98	61	0	
42	0	0	0	0	0	235	
42	19	68	58	78	53	0	
42	7	118	97	125	106	0	
42	34	40	56	89	28	0	
42	15	72	47	71	47	0	
42	20	47	41	64	45	0	
42	35	64	59	119	27	0	
42	4	29	31	21	23	0	
42	28	40	26	54	34	0	
42	8	104	105	112	95	0	
42	25	49	44	61	30	0	
42	6	135	134	147	158	0	
42	11	79	81	99	87	0	
42	23	60	47	65	46	0	
42	38	10	19	45	14	0	
42	31	47	61	72	42	0	
42	26	44	37	77	33	0	
42	12	74	70	82	52	0	
42	29	45	56	67	44	0	
43	28	0	172	1	1	0	
43	35	15	519	11	13	0	
43	29	2	198	4	0	0	
43	37	78	2369	82	101	0	
43	38	25	382	39	9	0	
43	34	13	344	6	2	0	
43	36	78	834	97	104	0	
43	32	5	283	6	5	0	
43	26	0	162	6	4	0	
43	30	4	211	3	2	0	
43	17	1	94	3	6	0	
43	14	3	125	16	8	0	
43	19	1	97	8	8	0	
43	21	2	121	2	4	0	
43	4	42	63	23	33	0	
43	31	2	247	4	1	0	
43	27	5	160	5	1	0	
43	33	6	328	10	8	0	
43	10	13	80	21	12	0	
43	11	8	97	16	5	0	
43	6	37	106	36	36	0	
43	5	52	88	42	33	0	
43	18	1	104	1	4	0	
43	13	7	92	10	6	0	
43	8	8	94	24	10	0	
43	7	23	74	19	16	0	
43	22	0	126	5	4	0	
43	20	1	97	7	1	0	
43	9	7	76	14	11	0	
43	24	1	137	5	6	0	
43	15	7	70	6	12	0	
43	16	4	108	8	4	0	
43	12	6	73	13	6	0	
43	25	0	155	5	2	0	
43	0	0	0	0	0	84	
43	23	2	131	2	2	0	
44	36	311	306	291	281	0	
44	37	1155	1245	1265	1155	0	
44	33	64	74	78	61	0	
44	34	88	67	59	78	0	
44	25	18	16	23	24	0	
44	32	59	45	68	58	0	
44	38	221	343	292	245	0	
44	21	9	11	17	14	0	
44	5	6	5	5	6	0	
44	24	11	15	22	20	0	
44	35	138	118	125	130	0	
44	30	42	42	36	37	0	
44	7	4	9	1	5	0	
44	27	22	14	33	26	0	
44	0	0	0	0	0	19	
44	20	13	6	8	12	0	
44	28	34	24	28	26	0	
44	26	24	35	26	20	0	
44	12	4	10	3	6	0	
44	31	50	29	42	41	0	
44	19	10	5	11	17	0	
44	13	3	4	5	6	0	
44	22	11	18	10	13	0	
44	29	32	30	42	37	0	
44	23	22	19	21	13	0	
44	18	11	9	7	5	0	
44	8	5	6	5	8	0	
44	11	9	9	3	3	0	
44	10	5	6	8	7	0	
44	14	11	13	4	5	0	
44	17	8	10	6	6	0	
44	15	7	5	3	10	0	
44	16	12	11	9	9	0	
44	9	2	10	2	4	0	
44	4	4	9	5	2	0	
44	6	4	11	7	3	0	
45	37	1006	1162	1109	1192	0	
45	38	223	300	282	261	0	
45	36	339	299	309	354	0	
45	27	39	26	31	23	0	
45	35	136	154	127	145	0	
45	28	34	36	28	28	0	
45	29	56	36	22	27	0	
45	31	58	26	35	35	0	
45	33	103	64	57	54	0	
45	34	105	66	58	83	0	
45	5	11	6	4	8	0	
45	18	16	8	7	11	0	
45	30	41	28	45	35	0	
45	8	8	6	4	5	0	
45	20	21	12	13	12	0	
45	4	6	4	3	5	0	
45	14	11	8	7	7	0	
45	22	22	16	14	15	0	
45	10	10	6	7	5	0	
45	0	0	0	0	0	48	
45	11	10	5	7	4	0	
45	9	9	9	6	8	0	
45	21	25	8	10	19	0	
45	25	25	23	29	26	0	
45	23	21	18	14	16	0	
45	24	20	21	16	14	0	
45	32	61	54	52	72	0	
45	26	34	20	14	25	0	
45	13	11	4	5	11	0	
45	15	14	10	6	15	0	
45	12	11	9	3	5	0	
45	7	6	11	7	7	0	
45	19	15	10	13	9	0	
45	16	15	6	11	11	0	
45	17	11	8	8	6	0	
45	6	8	3	6	7	0	
46	33	81	72	52	63	0	
46	37	936	1121	1086	1239	0	
46	36	346	294	314	337	0	
46	31	57	49	39	54	0	
46	27	34	29	25	21	0	
46	34	97	57	90	84	0	
46	38	206	369	285	247	0	
46	35	140	116	115	149	0	
46	29	43	31	33	38	0	
46	17	9	5	5	13	0	
46	30	53	40	38	33	0	
46	32	70	51	48	49	0	
46	25	32	11	18	16	0	
46	14	17	5	9	7	0	
46	10	7	9	4	5	0	
46	9	14	6	2	2	0	
46	15	9	10	5	11	0	
46	22	16	14	11	17	0	
46	26	29	28	20	24	0	
46	6	7	15	6	9	0	
46	4	10	3	5	5	0	
46	0	0	0	0	0	116	
46	20	25	7	11	16	0	
46	19	16	13	8	9	0	
46	24	34	17	21	29	0	
46	18	20	7	8	13	0	
46	28	28	21	22	24	0	
46	23	21	14	14	27	0	
46	7	6	6	11	8	0	
46	16	17	8	5	13	0	
46	12	14	10	5	6	0	
46	21	20	14	17	14	0	
46	11	6	4	6	7	0	
46	13	13	7	9	5	0	
46	5	7	8	6	5	0	
46	8	6	6	6	3	0	
47	35	148	108	137	161	0	
47	37	957	958	1153	1246	0	
47	36	352	262	320	343	0	
47	31	60	56	38	50	0	
47	38	195	302	308	259	0	
47	34	98	70	80	83	0	
47	11	14	6	6	8	0	
47	21	23	7	17	15	0	
47	19	18	12	8	11	0	
47	33	95	59	78	80	0	
47	30	43	33	29	49	0	
47	28	44	30	36	29	0	
47	5	17	10	5	4	0	
47	24	30	13	22	23	0	
47	29	67	26	44	31	0	
47	23	32	17	20	31	0	
47	17	16	6	3	9	0	
47	0	0	0	0	0	78	
47	27	24	16	30	27	0	
47	16	15	21	10	9	0	
47	26	48	23	18	18	0	
47	9	8	6	1	6	0	
47	25	31	21	21	18	0	
47	22	25	7	15	12	0	
47	8	6	6	6	8	0	
47	20	14	7	10	10	0	
47	32	50	58	60	64	0	
47	7	11	10	5	9	0	
47	10	4	3	5	6	0	
47	18	18	9	8	10	0	
47	13	12	3	7	11	0	
47	15	13	8	11	9	0	
47	12	6	7	5	8	0	
47	14	14	6	8	6	0	
47	4	3	3	5	4	0	
47	6	6	7	9	4	0	
48	38	204	361	286	252	0	
48	37	925	1212	1065	1116	0	
48	33	108	70	82	82	0	
48	26	34	23	29	19	0	
48	34	104	85	72	83	0	
48	36	335	312	329	309	0	
48	11	12	6	7	9	0	
48	12	14	5	6	3	0	
48	28	37	34	30	23	0	
48	31	49	41	35	46	0	
48	30	37	43	27	37	0	
48	17	8	9	7	10	0	
48	0	0	0	0	0	100	
48	35	147	134	109	137	0	
48	29	47	23	37	27	0	
48	20	20	17	15	7	0	
48	16	11	10	6	8	0	
48	8	17	12	4	7	0	
48	23	27	19	19	20	0	
48	13	19	10	5	14	0	
48	32	64	48	45	53	0	
48	18	17	10	5	11	0	
48	24	30	14	13	22	0	
48	21	23	11	16	14	0	
48	25	36	16	23	24	0	
48	27	35	25	26	15	0	
48	14	16	2	10	11	0	
48	5	5	8	9	10	0	
48	9	3	6	4	5	0	
48	7	7	6	6	6	0	
48	22	22	15	10	7	0	
48	10	13	2	4	7	0	
48	15	11	5	7	6	0	
48	19	24	18	10	9	0	
48	6	12	6	4	17	0	
48	4	6	5	3	7	0	
49	38	196	317	309	266	0	
49	32	76	49	57	48	0	
49	37	889	1074	1082	1127	0	
49	30	48	48	26	59	0	
49	35	171	145	136	138	0	
49	36	357	314	343	341	0	
49	31	68	41	51	57	0	
49	11	10	5	5	9	0	
49	21	23	26	10	15	0	
49	19	24	8	13	12	0	
49	33	77	65	65	76	0	
49	20	14	10	9	16	0	
49	22	15	12	11	13	0	
49	27	37	22	24	28	0	
49	29	42	28	29	32	0	
49	15	10	5	8	10	0	
49	34	105	88	85	78	0	
49	0	0	0	0	0	51	
49	17	22	9	11	10	0	
49	16	26	12	11	10	0	
49	25	34	17	19	24	0	
49	24	28	16	22	17	0	
49	23	26	20	14	16	0	
49	9	10	8	6	7	0	
49	5	9	13	4	11	0	
49	4	10	4	1	7	0	
49	10	10	7	5	6	0	
49	26	32	29	23	22	0	
49	13	19	3	7	15	0	
49	28	43	29	27	23	0	
49	8	5	4	1	11	0	
49	18	14	9	14	10	0	
49	6	7	16	6	6	0	
49	7	8	7	5	4	0	
49	14	12	6	5	6	0	
49	12	11	11	4	6	0	
50	36	335	299	308	312	0	
50	35	166	139	142	128	0	
50	37	919	1107	1130	1138	0	
50	38	173	331	289	263	0	
50	0	0	0	0	0	75	
50	18	13	10	14	16	0	
50	22	21	11	11	17	0	
50	24	23	17	15	20	0	
50	30	48	36	39	36	0	
50	34	102	83	78	101	0	
50	33	99	59	75	63	0	
50	13	11	5	10	13	0	
50	21	27	16	15	12	0	
50	28	42	25	35	23	0	
50	27	33	19	24	29	0	
50	32	66	61	40	68	0	
50	23	23	15	20	16	0	
50	31	66	36	45	54	0	
50	26	31	18	21	21	0	
50	20	22	12	16	9	0	
50	11	11	10	7	8	0	
50	15	17	10	8	11	0	
50	7	16	4	8	5	0	
50	19	15	9	13	12	0	
50	25	27	17	30	21	0	
50	16	15	8	7	8	0	
50	29	52	43	34	36	0	
50	14	11	8	4	10	0	
50	6	9	7	6	5	0	
50	8	14	3	8	12	0	
50	17	8	7	9	10	0	
50	9	10	5	7	11	0	
50	5	9	7	5	8	0	
50	10	13	8	4	11	0	
50	12	13	8	2	6	0	
50	4	7	5	6	2	0	
51	37	1017	1074	1124	1115	0	
51	36	357	277	318	326	0	
51	29	37	32	38	40	0	
51	34	110	82	85	85	0	
51	38	222	315	322	241	0	
51	7	8	7	8	8	0	
51	17	12	6	9	7	0	
51	31	59	46	50	42	0	
51	5	7	13	4	9	0	
51	20	11	17	7	17	0	
51	21	32	15	22	12	0	
51	35	159	121	148	155	0	
51	30	50	15	36	35	0	
51	32	69	53	50	57	0	
51	23	24	17	17	21	0	
51	13	6	6	7	6	0	
51	27	29	19	29	25	0	
51	28	41	20	23	22	0	
51	15	15	8	6	5	0	
51	24	22	19	25	28	0	
51	33	95	50	79	68	0	
51	22	20	9	8	18	0	
51	6	7	8	10	7	0	
51	25	32	23	24	23	0	
51	26	30	18	27	32	0	
51	19	21	10	13	11	0	
51	0	0	0	0	0	38	
51	16	12	10	6	10	0	
51	14	23	17	4	7	0	
51	9	4	7	4	9	0	
51	12	9	6	6	4	0	
51	18	23	12	8	14	0	
51	8	6	8	4	8	0	
51	11	8	4	2	8	0	
51	10	6	9	7	5	0	
51	4	8	4	3	1	0	
52	38	229	322	299	282	0	
52	37	948	1182	1131	1036	0	
52	36	300	313	335	331	0	
52	29	41	36	35	41	0	
52	24	28	19	21	20	0	
52	35	144	153	148	130	0	
52	13	4	10	6	10	0	
52	19	16	8	7	13	0	
52	16	19	10	5	10	0	
52	33	88	78	72	81	0	
52	7	8	10	7	10	0	
52	34	88	80	78	80	0	
52	21	23	12	18	18	0	
52	30	50	44	35	38	0	
52	31	62	58	51	55	0	
52	32	64	48	62	52	0	
52	18	14	9	8	10	0	
52	27	38	19	25	37	0	
52	22	20	13	11	11	0	
52	6	7	5	6	5	0	
52	28	39	27	26	22	0	
52	23	27	19	17	18	0	
52	5	10	13	6	13	0	
52	25	22	23	21	18	0	
52	11	7	9	6	6	0	
52	26	37	25	17	17	0	
52	17	11	8	9	10	0	
52	10	9	6	10	7	0	
52	8	9	4	9	13	0	
52	9	9	6	6	9	0	
52	12	9	2	3	5	0	
52	20	19	10	13	16	0	
52	15	8	7	7	8	0	
52	0	0	0	0	0	18	
52	14	16	3	4	9	0	
52	4	3	0	6	4	0	
53	34	106	72	79	104	0	
53	35	151	131	125	186	0	
53	37	926	976	1042	1339	0	
53	36	336	277	283	378	0	
53	21	17	11	14	28	0	
53	27	27	25	18	31	0	
53	30	48	27	31	60	0	
53	5	8	9	3	3	0	
53	15	11	7	6	17	0	
53	22	17	17	12	20	0	
53	38	223	293	301	257	0	
53	20	14	14	11	14	0	
53	33	62	58	58	97	0	
53	31	50	51	38	66	0	
53	18	15	7	10	17	0	
53	25	39	24	15	29	0	
53	24	26	16	12	35	0	
53	11	11	6	7	13	0	
53	26	27	13	18	40	0	
53	28	33	25	20	37	0	
53	32	53	36	52	74	0	
53	23	23	19	15	35	0	
53	16	9	2	14	16	0	
53	19	21	4	8	15	0	
53	29	40	28	25	45	0	
53	17	6	10	4	13	0	
53	0	0	0	0	0	73	
53	14	14	5	7	15	0	
53	7	6	10	6	10	0	
53	12	13	5	7	13	0	
53	6	9	8	9	15	0	
53	9	7	7	4	9	0	
53	8	7	8	5	8	0	
53	13	9	8	6	6	0	
53	10	9	10	3	7	0	
53	4	4	5	3	3	0	
