#Pos	Phred	prob	A	C	G	T	N
0	F	0.5004	1224	1235	1381	1164	0
0	A	0.02	57	43	54	46	0
0	=	0.0112	34	31	29	18	0
0	D	0.0537	161	114	135	127	0
0	E	0.1414	362	317	382	353	0
0	8	0.0076	35	10	12	19	0
0	>	0.0158	47	27	47	37	0
0	C	0.0341	119	62	85	75	0
0	G	0.063	104	168	248	110	0
0	?	0.0153	49	33	35	36	0
0	.	0.0017	10	2	2	3	0
0	;	0.0115	49	15	27	24	0
0	B	0.034	112	66	92	70	0
0	0	0.0015	6	2	2	5	0
0	9	0.0076	22	13	14	27	0
0	2	0.002	7	7	2	4	0
0	@	0.0188	55	48	42	43	0
0	<	0.0105	38	21	28	18	0
0	6	0.0064	22	15	14	13	0
0	1	0.0037	16	10	2	9	0
0	5	0.0053	23	7	7	16	0
0	-	0.0009	5	2	1	1	0
0	3	0.0043	21	9	3	10	0
0	*	0.0008	3	1	1	3	0
0	&	0.0011	2	3	4	2	0
0	:	0.0083	26	13	23	21	0
0	)	0.0002	0	1	1	0	0
0	(	0.0011	3	4	0	4	0
0	7	0.0051	15	10	12	14	0
0	,	0.0017	11	2	1	3	0
0	4	0.0042	18	2	12	10	0
0	/	0.002	9	3	4	4	0
0	'	0.0009	1	2	3	3	0
0	!	0.0021	0	0	0	0	21
0	+	0.001	5	1	3	1	0
0	%	0.0008	2	1	3	2	0
1	D	0.0552	177	112	118	145	0
1	E	0.1368	374	324	324	346	0
1	F	0.4992	1132	1306	1246	1308	0
1	C	0.0312	113	61	47	91	0
1	G	0.0559	122	158	184	95	0
1	?	0.0159	36	35	31	57	0
1	:	0.0108	36	28	13	31	0
1	>	0.014	41	31	29	39	0
1	4	0.0038	13	10	4	11	0
1	;	0.0119	49	22	18	30	0
1	5	0.0046	21	6	6	13	0
1	3	0.0054	20	9	6	19	0
1	=	0.0106	39	19	15	33	0
1	@	0.0193	55	50	38	50	0
1	A	0.0227	68	55	53	51	0
1	B	0.0331	103	80	73	75	0
1	9	0.0074	32	15	10	17	0
1	8	0.0091	34	12	14	31	0
1	6	0.0075	25	18	13	19	0
1	7	0.0063	25	7	11	20	0
1	0	0.0024	8	5	0	11	0
1	<	0.0107	32	33	19	23	0
1	+	0.0012	4	1	3	4	0
1	!	0.001	0	0	0	0	10
1	'	0.0011	5	2	1	3	0
1	(	0.0014	4	3	1	6	0
1	2	0.0048	20	9	8	11	0
1	,	0.0019	9	4	2	4	0
1	1	0.0034	13	3	6	12	0
1	/	0.0019	10	4	3	2	0
1	-	0.0021	12	5	1	3	0
1	)	0.0017	9	0	3	5	0
1	.	0.0019	6	3	3	7	0
1	*	0.0011	8	2	1	0	0
1	%	0.0013	3	2	3	5	0
1	&	0.0014	4	2	3	5	0
2	C	0.0305	91	60	64	90	0
2	F	0.4858	983	1291	1248	1336	0
2	.	0.0021	16	1	3	1	0
2	8	0.0096	27	25	13	31	0
2	1	0.0042	24	3	3	12	0
2	D	0.0557	123	130	122	182	0
2	>	0.0178	46	35	37	60	0
2	E	0.1371	333	326	388	324	0
2	<	0.0105	21	29	20	35	0
2	G	0.0648	111	201	211	125	0
2	B	0.0341	97	80	75	89	0
2	)	0.0014	8	1	3	2	0
2	A	0.024	64	47	53	76	0
2	@	0.0178	46	38	37	57	0
2	?	0.0193	67	31	38	57	0
2	6	0.0065	30	10	7	18	0
2	9	0.0076	25	12	15	24	0
2	=	0.0111	35	20	15	41	0
2	7	0.0058	17	5	17	19	0
2	/	0.0035	18	1	5	11	0
2	;	0.0106	30	18	35	23	0
2	3	0.0044	20	5	7	12	0
2	!	0.0009	0	0	0	0	9
2	2	0.0023	7	5	5	6	0
2	4	0.0047	24	3	11	9	0
2	:	0.0095	21	24	21	29	0
2	0	0.0026	9	3	2	12	0
2	&	0.0015	2	6	6	1	0
2	+	0.0015	5	2	1	7	0
2	%	0.0013	4	5	2	2	0
2	5	0.0046	18	7	8	13	0
2	*	0.0018	10	2	3	3	0
2	-	0.0011	3	4	2	2	0
2	'	0.002	5	4	7	4	0
2	,	0.0012	5	0	5	2	0
2	(	0.0008	3	1	1	3	0
3	F	0.48	1116	1181	1272	1231	0
3	G	0.0615	130	170	206	109	0
3	E	0.1403	403	275	334	391	0
3	=	0.011	46	19	18	27	0
3	D	0.0572	176	105	140	151	0
3	2	0.0037	16	6	5	10	0
3	C	0.032	84	60	95	81	0
3	6	0.0068	32	7	14	15	0
3	B	0.0325	98	59	66	102	0
3	:	0.0091	31	22	18	20	0
3	A	0.024	71	48	58	63	0
3	7	0.0055	24	14	3	14	0
3	;	0.0103	44	15	22	22	0
3	/	0.003	14	4	1	11	0
3	?	0.0166	58	32	25	51	0
3	5	0.005	22	7	7	14	0
3	<	0.0112	32	20	30	30	0
3	-	0.0016	10	0	2	4	0
3	>	0.0157	53	30	33	41	0
3	8	0.0106	48	16	19	23	0
3	3	0.0041	20	7	2	12	0
3	@	0.0205	66	40	54	45	0
3	,	0.0019	13	2	2	2	0
3	4	0.0061	27	9	7	18	0
3	0	0.0015	6	3	2	4	0
3	&	0.0017	8	2	3	4	0
3	!	0.0043	0	0	0	0	43
3	*	0.0014	9	2	1	2	0
3	9	0.0074	23	11	20	20	0
3	%	0.0014	6	3	3	2	0
3	1	0.0046	20	11	2	13	0
3	+	0.0019	11	2	3	3	0
3	)	0.0012	0	3	2	7	0
3	.	0.0026	15	2	4	5	0
3	(	0.0008	4	1	1	2	0
3	'	0.001	5	0	1	4	0
4	F	0.4876	1076	1328	1334	1138	0
4	D	0.0533	143	141	118	131	0
4	G	0.0672	128	211	227	106	0
4	B	0.0308	82	79	63	84	0
4	<	0.0119	28	20	32	39	0
4	E	0.1419	373	352	334	360	0
4	*	0.0012	8	1	1	2	0
4	@	0.0212	56	52	59	45	0
4	7	0.0055	19	12	8	16	0
4	;	0.0114	30	27	21	36	0
4	9	0.0072	19	19	15	19	0
4	?	0.0162	52	37	32	41	0
4	2	0.0023	9	4	4	6	0
4	=	0.0127	41	28	30	28	0
4	C	0.0326	95	80	70	81	0
4	1	0.0041	11	9	5	16	0
4	+	0.0017	6	3	2	6	0
4	:	0.0079	25	19	14	21	0
4	A	0.022	62	50	47	61	0
4	3	0.0048	26	8	6	8	0
4	6	0.0057	21	14	11	11	0
4	>	0.016	46	36	32	46	0
4	5	0.0049	20	11	9	9	0
4	8	0.0089	26	16	20	27	0
4	'	0.001	5	3	2	0	0
4	.	0.0027	11	7	2	7	0
4	-	0.0016	5	2	5	4	0
4	/	0.0031	16	3	2	10	0
4	)	0.0011	6	2	1	2	0
4	4	0.0039	11	12	9	7	0
4	(	0.0011	5	3	3	0	0
4	%	0.0012	3	4	3	2	0
4	&	0.0013	6	3	3	1	0
4	0	0.0023	10	3	2	8	0
4	,	0.0015	5	1	3	6	0
4	!	0.0002	0	0	0	0	2
5	F	0.48	1026	1273	1222	1279	0
5	A	0.022	65	58	50	47	0
5	C	0.0357	112	81	71	93	0
5	=	0.0113	35	26	22	30	0
5	E	0.1421	367	341	327	386	0
5	<	0.0094	22	26	17	29	0
5	B	0.0289	70	67	68	84	0
5	>	0.0153	47	30	34	42	0
5	D	0.0563	146	138	126	153	0
5	;	0.0125	40	21	23	41	0
5	G	0.0648	134	192	197	125	0
5	?	0.0184	44	49	36	55	0
5	@	0.019	60	42	37	51	0
5	2	0.0027	9	3	7	8	0
5	1	0.0034	14	5	6	9	0
5	9	0.0076	19	24	17	16	0
5	.	0.0028	9	6	4	9	0
5	0	0.0024	9	2	7	6	0
5	8	0.0095	42	15	12	26	0
5	5	0.0052	25	5	10	12	0
5	-	0.0026	13	1	8	4	0
5	,	0.0025	13	3	4	5	0
5	&	0.0019	4	6	4	5	0
5	!	0.0028	0	0	0	0	28
5	(	0.0014	6	1	4	3	0
5	%	0.001	4	2	3	1	0
5	7	0.005	19	6	8	17	0
5	3	0.0034	14	9	5	6	0
5	/	0.0029	18	5	3	3	0
5	+	0.0021	9	4	4	4	0
5	:	0.0087	25	21	14	27	0
5	6	0.007	26	6	10	28	0
5	*	0.0011	3	3	2	3	0
5	4	0.0051	22	5	11	13	0
5	'	0.0015	5	4	3	3	0
5	)	0.0017	9	2	2	4	0
6	E	0.1385	338	339	337	371	0
6	F	0.4834	1027	1319	1300	1188	0
6	D	0.0572	131	157	138	146	0
6	A	0.0226	74	50	44	58	0
6	C	0.031	85	66	78	81	0
6	G	0.0709	145	224	225	115	0
6	B	0.0314	102	73	65	74	0
6	<	0.0115	43	17	27	28	0
6	@	0.0193	57	42	48	46	0
6	5	0.0049	19	7	9	14	0
6	?	0.0158	45	35	29	49	0
6	:	0.0086	28	22	13	23	0
6	=	0.011	33	23	27	27	0
6	6	0.0061	23	13	11	14	0
6	7	0.005	21	7	9	13	0
6	8	0.0086	40	17	13	16	0
6	2	0.0025	10	3	6	6	0
6	)	0.0012	5	2	3	2	0
6	.	0.0025	13	4	2	6	0
6	;	0.0116	41	20	26	29	0
6	0	0.0026	11	5	3	7	0
6	4	0.0045	19	7	4	15	0
6	1	0.0049	20	11	4	14	0
6	&	0.0016	5	3	6	2	0
6	>	0.0176	50	37	44	45	0
6	%	0.0009	0	6	2	1	0
6	3	0.004	11	9	6	14	0
6	-	0.0018	8	3	4	3	0
6	9	0.0075	25	20	9	21	0
6	'	0.0013	5	0	4	4	0
6	/	0.0028	13	5	5	5	0
6	+	0.0023	9	2	4	8	0
6	,	0.0021	9	2	5	5	0
6	*	0.0008	4	1	1	2	0
6	(	0.0013	9	2	2	0	0
6	!	0.0004	0	0	0	0	4
7	F	0.4796	1061	1231	1267	1237	0
7	C	0.0344	109	63	79	93	0
7	=	0.011	41	21	18	30	0
7	E	0.1365	356	308	328	373	0
7	?	0.0176	51	34	45	46	0
7	9	0.0089	29	14	21	25	0
7	>	0.0172	48	41	34	49	0
7	<	0.011	37	30	14	29	0
7	;	0.0106	45	17	23	21	0
7	D	0.0548	174	122	128	124	0
7	B	0.0339	96	62	83	98	0
7	G	0.0676	135	209	210	122	0
7	/	0.0032	21	1	1	9	0
7	4	0.0067	28	7	9	23	0
7	A	0.0223	62	50	42	69	0
7	5	0.0047	11	8	13	15	0
7	*	0.0017	12	2	2	1	0
7	@	0.0184	55	39	40	50	0
7	3	0.0041	18	2	9	12	0
7	,	0.0021	9	2	4	6	0
7	:	0.0108	41	11	26	30	0
7	)	0.0011	5	2	1	3	0
7	8	0.0097	36	19	20	22	0
7	(	0.0018	9	5	1	3	0
7	+	0.0016	9	2	1	4	0
7	.	0.0028	13	4	4	7	0
7	7	0.0048	15	8	14	11	0
7	2	0.0039	20	4	8	7	0
7	&	0.0014	5	5	4	0	0
7	0	0.0011	6	3	0	2	0
7	1	0.0032	12	8	1	11	0
7	6	0.0066	23	10	7	26	0
7	-	0.0013	5	3	3	2	0
7	%	0.0011	4	5	2	0	0
7	!	0.0009	0	0	0	0	9
7	'	0.0016	4	6	4	2	0
8	F	0.4799	1045	1351	1239	1164	0
8	?	0.0178	61	39	34	44	0
8	G	0.0709	135	223	224	127	0
8	B	0.0317	91	74	79	73	0
8	E	0.1408	386	362	329	331	0
8	9	0.0095	27	23	20	25	0
8	C	0.0329	99	84	73	73	0
8	=	0.0107	29	23	23	32	0
8	>	0.0152	54	33	36	29	0
8	D	0.0514	136	128	136	114	0
8	A	0.0213	57	57	42	57	0
8	@	0.0214	59	51	51	53	0
8	;	0.0094	25	23	22	24	0
8	:	0.0082	18	18	18	28	0
8	5	0.0067	21	14	11	21	0
8	7	0.0061	26	15	9	11	0
8	6	0.0069	28	9	14	18	0
8	3	0.0057	32	7	7	11	0
8	1	0.0048	24	9	6	9	0
8	8	0.0098	44	29	12	13	0
8	4	0.0047	17	10	8	12	0
8	&	0.0012	2	5	1	4	0
8	<	0.0112	36	25	28	23	0
8	+	0.0018	9	3	4	2	0
8	!	0.0008	0	0	0	0	8
8	,	0.0016	10	3	0	3	0
8	*	0.002	11	4	1	4	0
8	)	0.0012	3	4	3	2	0
8	.	0.0017	10	3	2	2	0
8	/	0.0032	19	6	1	6	0
8	(	0.0012	4	3	3	2	0
8	2	0.0019	4	4	5	6	0
8	-	0.0019	8	6	1	4	0
8	0	0.0027	11	4	5	7	0
8	'	0.0006	0	3	2	1	0
8	%	0.0012	5	2	1	4	0
9	F	0.4795	1096	1350	1217	1132	0
9	G	0.0726	151	241	211	123	0
9	@	0.0199	56	47	49	47	0
9	9	0.0079	28	16	13	22	0
9	E	0.1377	350	330	318	379	0
9	D	0.0541	135	135	134	137	0
9	)	0.0011	7	1	0	3	0
9	5	0.0053	14	15	5	19	0
9	?	0.0162	53	44	28	37	0
9	<	0.0108	36	23	21	28	0
9	;	0.012	37	32	19	32	0
9	A	0.0202	44	54	49	55	0
9	B	0.0339	111	72	72	84	0
9	C	0.032	88	64	76	92	0
9	=	0.0108	30	22	22	34	0
9	-	0.0021	13	2	1	5	0
9	6	0.0067	27	14	6	20	0
9	,	0.0015	7	4	1	3	0
9	1	0.0043	18	6	9	10	0
9	3	0.0044	17	7	7	13	0
9	>	0.0165	47	36	28	54	0
9	8	0.0088	31	14	13	30	0
9	'	0.002	8	4	2	6	0
9	%	0.0015	4	5	3	3	0
9	/	0.0044	16	2	12	14	0
9	:	0.0098	34	23	19	22	0
9	4	0.0042	19	9	7	7	0
9	7	0.0064	14	15	11	24	0
9	2	0.002	5	4	6	5	0
9	0	0.0032	11	3	8	10	0
9	*	0.0012	6	0	2	4	0
9	&	0.0013	2	3	3	5	0
9	(	0.0014	4	3	3	4	0
9	.	0.0017	6	3	2	6	0
9	+	0.0014	7	2	1	4	0
9	!	0.0012	0	0	0	0	12
10	+	0.0365	87	59	95	124	0
10	B	0.0231	51	41	55	84	0
10	A	0.021	53	20	56	81	0
10	*	0.0358	88	67	109	94	0
10	1	0.0298	73	42	83	100	0
10	/	0.0303	74	54	79	96	0
10	5	0.0203	42	31	59	71	0
10	&	0.039	99	88	98	105	0
10	D	0.0287	75	41	71	100	0
10	0	0.0247	54	35	64	94	0
10	9	0.022	65	36	42	77	0
10	<	0.0198	49	23	54	72	0
10	F	0.0793	248	28	176	341	0
10	(	0.0417	94	80	109	134	0
10	E	0.0479	127	93	108	151	0
10	>	0.0191	45	26	49	71	0
10	,	0.0317	75	45	94	103	0
10	6	0.0234	53	43	61	77	0
10	.	0.031	69	56	77	108	0
10	?	0.0215	51	28	60	76	0
10	7	0.021	47	32	55	76	0
10	'	0.0494	105	122	111	156	0
10	;	0.0249	72	37	64	76	0
10	2	0.0264	51	53	77	83	0
10	8	0.0208	46	43	50	69	0
10	-	0.0289	63	72	63	91	0
10	)	0.0398	86	90	112	110	0
10	!	0.0076	0	0	0	0	76
10	4	0.0218	45	45	54	74	0
10	:	0.022	46	39	62	73	0
10	3	0.0285	62	49	82	92	0
10	@	0.0214	46	31	64	73	0
10	=	0.0197	53	28	48	68	0
10	C	0.0233	70	28	47	88	0
10	%	0.0067	17	17	21	12	0
10	G	0.0112	33	2	30	47	0
11	F	0.0817	270	389	114	44	0
11	'	0.0539	138	164	144	93	0
11	7	0.0188	51	71	44	22	0
11	<	0.0201	57	70	46	28	0
11	*	0.0341	79	103	106	53	0
11	1	0.0291	80	89	71	51	0
11	9	0.0237	67	77	63	30	0
11	/	0.03	74	94	79	53	0
11	6	0.0245	64	80	70	31	0
11	;	0.0196	44	78	46	28	0
11	2	0.0248	61	94	61	32	0
11	3	0.0265	78	85	57	45	0
11	>	0.0243	58	98	62	25	0
11	D	0.0263	79	110	47	27	0
11	(	0.043	100	137	96	97	0
11	)	0.0388	88	132	101	67	0
11	=	0.0185	48	64	51	22	0
11	&	0.0354	94	92	79	89	0
11	4	0.0203	58	79	40	26	0
11	+	0.0363	78	125	107	53	0
11	!	0.0095	0	0	0	0	95
11	,	0.0329	85	110	85	49	0
11	5	0.0238	65	91	49	33	0
11	E	0.048	135	176	76	93	0
11	G	0.0133	27	73	30	3	0
11	-	0.0291	58	96	84	53	0
11	.	0.0293	72	108	67	46	0
11	?	0.0235	62	102	52	19	0
11	0	0.0257	69	86	69	33	0
11	B	0.0219	63	95	40	21	0
11	8	0.0237	72	79	54	32	0
11	:	0.0191	44	79	50	18	0
11	@	0.0201	51	81	47	22	0
11	A	0.0192	37	81	41	33	0
11	C	0.0245	66	106	47	26	0
11	%	0.0067	18	14	15	20	0
12	F	0.0853	297	84	16	456	0
12	/	0.031	88	70	45	107	0
12	?	0.0199	62	42	14	81	0
12	0	0.0262	69	70	26	97	0
12	=	0.0216	71	38	26	81	0
12	,	0.0329	80	85	65	99	0
12	8	0.0243	59	52	35	97	0
12	'	0.048	123	103	90	164	0
12	+	0.0319	84	70	57	108	0
12	<	0.0197	58	40	18	81	0
12	A	0.0201	58	39	21	83	0
12	D	0.0303	86	48	25	144	0
12	9	0.0241	66	61	29	85	0
12	5	0.0207	52	50	33	72	0
12	;	0.024	80	45	26	89	0
12	E	0.0499	131	67	79	222	0
12	3	0.0242	58	67	28	89	0
12	1	0.0283	67	80	48	88	0
12	*	0.0354	100	86	58	110	0
12	.	0.0268	79	66	35	88	0
12	:	0.0192	49	31	24	88	0
12	(	0.0474	109	125	103	137	0
12	-	0.0283	59	69	41	114	0
12	7	0.0202	60	43	21	78	0
12	6	0.0245	57	64	37	87	0
12	&	0.0375	94	88	79	114	0
12	2	0.0251	54	63	38	96	0
12	)	0.0401	96	91	76	138	0
12	B	0.0239	76	33	23	107	0
12	@	0.0194	51	45	15	83	0
12	>	0.0207	63	47	11	86	0
12	C	0.0252	50	64	18	120	0
12	%	0.0043	13	8	6	16	0
12	G	0.0119	41	10	1	67	0
12	!	0.0035	0	0	0	0	35
12	4	0.0242	58	63	26	95	0
13	2	0.0252	89	42	60	61	0
13	E	0.048	121	106	145	108	0
13	&	0.0374	101	71	98	104	0
13	5	0.0227	61	37	73	56	0
13	@	0.0205	50	40	80	35	0
13	B	0.022	56	40	72	52	0
13	:	0.0195	54	36	53	52	0
13	7	0.021	51	40	71	48	0
13	1	0.031	102	56	67	85	0
13	F	0.0715	197	121	273	124	0
13	D	0.0302	82	55	105	60	0
13	0	0.0261	64	43	77	77	0
13	'	0.0489	131	100	140	118	0
13	,	0.0322	96	59	90	77	0
13	9	0.0244	66	45	77	56	0
13	?	0.0204	65	37	58	44	0
13	/	0.0309	89	62	84	74	0
13	(	0.0438	108	97	115	118	0
13	<	0.0202	60	30	69	43	0
13	;	0.0214	56	48	68	42	0
13	*	0.0316	90	64	89	73	0
13	)	0.0391	117	73	103	98	0
13	3	0.0277	76	43	96	62	0
13	=	0.0191	51	30	69	41	0
13	-	0.0288	75	44	95	74	0
13	+	0.0366	99	64	85	118	0
13	6	0.0247	64	44	75	64	0
13	G	0.0113	20	16	57	20	0
13	>	0.0212	56	27	81	48	0
13	!	0.0098	0	0	0	0	98
13	A	0.0237	60	43	83	51	0
13	4	0.0239	69	43	68	59	0
13	%	0.0063	23	8	14	18	0
13	8	0.0238	60	49	70	59	0
13	.	0.0288	71	58	76	83	0
13	C	0.0263	71	49	73	70	0
14	>	0.0207	58	69	18	62	0
14	*	0.0287	71	90	50	76	0
14	(	0.0436	129	118	90	99	0
14	'	0.0569	164	167	112	126	0
14	0	0.0237	54	83	38	62	0
14	?	0.0203	61	74	21	47	0
14	F	0.0727	233	279	15	200	0
14	=	0.0182	42	61	22	57	0
14	,	0.0345	101	99	57	88	0
14	G	0.0092	25	51	0	16	0
14	&	0.0425	118	102	114	91	0
14	!	0.0196	0	0	0	0	196
14	A	0.021	62	80	19	49	0
14	3	0.0305	89	91	46	79	0
14	.	0.0305	103	85	50	67	0
14	D	0.0315	93	106	29	87	0
14	@	0.0206	74	59	23	50	0
14	<	0.021	63	67	14	66	0
14	1	0.0307	94	80	45	88	0
14	B	0.0239	84	71	20	64	0
14	E	0.0465	150	137	58	120	0
14	7	0.0197	64	68	20	45	0
14	-	0.0242	62	73	42	65	0
14	2	0.0193	55	63	22	53	0
14	4	0.0236	57	80	25	74	0
14	+	0.0323	95	84	54	90	0
14	/	0.0293	80	102	38	73	0
14	8	0.0229	56	82	26	65	0
14	C	0.024	73	76	26	65	0
14	)	0.0397	112	116	66	103	0
14	;	0.022	73	65	19	63	0
14	9	0.0233	54	84	23	72	0
14	5	0.0201	56	73	25	47	0
14	6	0.0259	81	80	26	72	0
14	:	0.0172	48	59	20	45	0
14	%	0.0097	32	21	30	14	0
15	)	0.0443	132	96	124	91	0
15	3	0.0274	58	60	93	63	0
15	F	0.0744	102	126	424	92	0
15	,	0.0357	87	65	130	75	0
15	B	0.0259	42	55	100	62	0
15	(	0.0467	94	91	155	127	0
15	?	0.0207	44	40	79	44	0
15	'	0.052	129	114	152	125	0
15	<	0.0182	26	45	75	36	0
15	/	0.0319	71	64	117	67	0
15	E	0.0459	92	97	184	86	0
15	:	0.0186	29	47	65	45	0
15	+	0.0339	86	80	102	71	0
15	D	0.031	53	63	119	75	0
15	C	0.0234	42	54	94	44	0
15	9	0.0223	33	52	87	51	0
15	=	0.0173	29	44	74	26	0
15	&	0.0414	109	85	126	94	0
15	1	0.0296	58	64	103	71	0
15	.	0.03	65	68	90	77	0
15	-	0.0267	67	44	92	64	0
15	4	0.026	56	55	94	55	0
15	0	0.0242	61	52	73	56	0
15	*	0.0306	67	75	94	70	0
15	@	0.0186	37	47	71	31	0
15	!	0.0134	0	0	0	0	134
15	6	0.0237	48	51	87	51	0
15	;	0.0224	31	44	103	46	0
15	5	0.0214	49	50	71	44	0
15	2	0.0217	48	49	73	47	0
15	G	0.008	8	17	45	10	0
15	7	0.0211	42	53	66	50	0
15	>	0.0203	42	44	78	39	0
15	%	0.0082	25	12	24	21	0
15	8	0.0233	51	37	103	42	0
15	A	0.0198	37	43	71	47	0
16	F	0.48	1091	1239	1389	1081	0
16	G	0.0789	173	216	258	142	0
16	A	0.0218	76	46	48	48	0
16	E	0.1353	361	322	336	334	0
16	9	0.0069	18	12	17	22	0
16	?	0.016	54	31	36	39	0
16	D	0.0581	146	141	145	149	0
16	>	0.0152	42	33	36	41	0
16	<	0.0103	27	25	21	30	0
16	C	0.0335	89	90	78	78	0
16	6	0.0068	17	22	15	14	0
16	=	0.0127	35	31	25	36	0
16	7	0.0056	19	12	10	15	0
16	/	0.0026	10	4	6	6	0
16	B	0.0301	76	71	66	88	0
16	+	0.0017	8	5	2	2	0
16	@	0.0194	45	53	48	48	0
16	8	0.0099	38	17	15	29	0
16	4	0.0041	8	10	12	11	0
16	2	0.0032	11	9	2	10	0
16	:	0.0099	33	16	17	33	0
16	;	0.01	31	21	17	31	0
16	)	0.0011	4	3	2	2	0
16	3	0.0038	9	10	3	16	0
16	*	0.001	4	2	2	2	0
16	5	0.0047	13	11	12	11	0
16	1	0.0036	13	3	9	11	0
16	&	0.0015	4	3	4	4	0
16	(	0.0008	4	1	1	2	0
16	.	0.0033	11	5	9	8	0
16	-	0.0011	4	2	3	2	0
16	'	0.0012	2	4	3	3	0
16	0	0.0029	9	5	6	9	0
16	%	0.0006	4	0	1	1	0
16	,	0.0016	5	4	1	6	0
16	!	0.0008	0	0	0	0	8
17	F	0.4681	1071	1225	1199	1186	0
17	C	0.0327	91	73	81	82	0
17	E	0.1388	388	313	336	351	0
17	A	0.022	62	58	39	61	0
17	D	0.0564	164	121	110	169	0
17	>	0.018	56	41	44	39	0
17	:	0.0111	35	18	25	33	0
17	7	0.0057	22	6	11	18	0
17	.	0.0024	7	3	6	8	0
17	@	0.0206	68	47	42	49	0
17	G	0.0774	154	229	222	169	0
17	;	0.0115	38	21	26	30	0
17	5	0.0052	21	7	10	14	0
17	B	0.0296	84	67	58	87	0
17	<	0.01	32	18	22	28	0
17	3	0.0058	16	13	10	19	0
17	6	0.0072	22	12	8	30	0
17	4	0.0061	25	7	7	22	0
17	&	0.0017	4	2	6	5	0
17	2	0.0032	12	4	8	8	0
17	?	0.0153	50	29	31	43	0
17	+	0.0018	4	4	2	8	0
17	=	0.0123	41	18	26	38	0
17	8	0.0074	26	17	13	18	0
17	)	0.0019	9	5	3	2	0
17	1	0.0035	7	5	7	16	0
17	,	0.0026	17	4	1	4	0
17	9	0.0069	29	9	5	26	0
17	-	0.0023	12	4	2	5	0
17	/	0.0028	15	2	3	8	0
17	%	0.0014	6	1	2	5	0
17	0	0.003	16	6	2	6	0
17	'	0.0022	13	4	4	1	0
17	(	0.0013	4	4	4	1	0
17	*	0.0016	9	0	2	5	0
17	!	0.0002	0	0	0	0	2
18	F	0.462	956	1309	1185	1170	0
18	B	0.0321	80	82	74	85	0
18	D	0.0574	159	125	131	159	0
18	E	0.1389	331	339	370	349	0
18	G	0.0751	135	221	222	173	0
18	>	0.0159	51	37	33	38	0
18	A	0.0223	68	42	40	73	0
18	=	0.0134	42	28	21	43	0
18	5	0.0062	20	15	10	17	0
18	4	0.0074	26	13	9	26	0
18	:	0.0095	34	14	17	30	0
18	@	0.0196	43	43	46	64	0
18	3	0.0051	20	3	8	20	0
18	C	0.0348	109	71	82	86	0
18	<	0.0096	28	25	15	28	0
18	;	0.0111	35	24	22	30	0
18	7	0.006	21	11	15	13	0
18	9	0.0068	25	16	11	16	0
18	'	0.0015	4	1	4	6	0
18	8	0.0088	40	11	13	24	0
18	6	0.0076	21	16	15	24	0
18	?	0.0178	55	36	34	53	0
18	,	0.0024	10	2	5	7	0
18	.	0.0026	15	4	2	5	0
18	*	0.0017	6	1	6	4	0
18	0	0.0024	9	2	9	4	0
18	(	0.0025	12	4	4	5	0
18	/	0.0039	16	4	9	10	0
18	2	0.0029	10	6	6	7	0
18	&	0.0013	4	3	5	1	0
18	)	0.0018	8	0	2	8	0
18	1	0.0043	10	8	16	9	0
18	%	0.0009	1	3	1	4	0
18	-	0.0019	12	2	1	4	0
18	+	0.0018	9	0	5	4	0
18	!	0.0007	0	0	0	0	7
19	F	0.4514	1010	1068	1157	1279	0
19	E	0.1385	371	281	332	401	0
19	@	0.0203	69	44	43	47	0
19	>	0.0148	42	30	30	46	0
19	B	0.0319	99	71	70	79	0
19	=	0.0143	37	29	26	51	0
19	D	0.0584	154	121	140	169	0
19	G	0.0749	162	198	210	179	0
19	A	0.0258	77	45	67	69	0
19	<	0.0107	29	21	25	32	0
19	C	0.0364	108	68	87	101	0
19	7	0.0067	27	7	12	21	0
19	-	0.003	13	2	10	5	0
19	2	0.0042	15	4	9	14	0
19	4	0.0054	26	6	6	16	0
19	8	0.0103	43	19	13	28	0
19	;	0.0102	29	18	24	31	0
19	?	0.0181	58	31	42	50	0
19	0	0.0029	18	3	3	5	0
19	9	0.0085	28	18	17	22	0
19	*	0.0018	12	1	1	4	0
19	,	0.0022	12	2	3	5	0
19	6	0.0083	37	13	11	22	0
19	:	0.0078	29	10	15	24	0
19	+	0.0024	10	2	5	7	0
19	1	0.0057	25	3	15	14	0
19	(	0.0014	5	5	2	2	0
19	&	0.0017	5	4	2	6	0
19	.	0.0028	17	1	6	4	0
19	/	0.0032	16	4	5	7	0
19	5	0.0057	25	9	10	13	0
19	'	0.002	5	2	8	5	0
19	)	0.0013	10	0	2	1	0
19	3	0.0058	19	10	10	19	0
19	%	0.0009	2	4	2	1	0
19	!	0.0003	0	0	0	0	3
20	F	0.4584	971	1312	1166	1135	0
20	E	0.1463	386	333	370	374	0
20	;	0.0108	35	26	22	25	0
20	G	0.0773	149	246	231	147	0
20	B	0.0285	81	65	75	64	0
20	>	0.0139	43	32	30	34	0
20	?	0.0189	51	51	35	52	0
20	3	0.0057	25	10	6	16	0
20	D	0.0565	145	152	126	142	0
20	=	0.0109	30	28	18	33	0
20	6	0.0082	31	17	7	27	0
20	C	0.0339	92	75	86	86	0
20	A	0.0223	59	53	48	63	0
20	@	0.0206	63	54	47	42	0
20	0	0.0021	7	3	6	5	0
20	<	0.0122	30	24	32	36	0
20	.	0.0032	14	3	9	6	0
20	)	0.0019	10	1	4	4	0
20	9	0.0073	24	20	10	19	0
20	8	0.0075	30	14	15	16	0
20	1	0.0056	21	18	6	11	0
20	:	0.0087	31	24	15	17	0
20	4	0.0045	14	6	8	17	0
20	&	0.0019	7	4	6	2	0
20	7	0.0071	25	17	14	15	0
20	5	0.0049	17	15	10	7	0
20	*	0.0015	6	1	5	3	0
20	/	0.0042	22	8	4	8	0
20	2	0.0029	10	4	6	9	0
20	,	0.002	9	6	3	2	0
20	'	0.0016	3	2	7	4	0
20	!	0.0009	0	0	0	0	9
20	%	0.0011	5	1	3	2	0
20	(	0.002	12	0	3	5	0
20	+	0.0021	10	4	5	2	0
20	-	0.0026	7	7	2	10	0
21	F	0.4577	965	1308	1180	1124	0
21	B	0.0311	78	81	69	83	0
21	G	0.0786	141	252	240	153	0
21	E	0.1372	335	348	349	340	0
21	C	0.0345	84	77	89	95	0
21	7	0.0071	31	10	12	18	0
21	0	0.0021	9	6	2	4	0
21	@	0.019	52	42	38	58	0
21	D	0.0601	161	153	161	126	0
21	)	0.0023	9	3	5	6	0
21	<	0.0113	29	29	24	31	0
21	A	0.0222	67	53	54	48	0
21	:	0.009	28	19	21	22	0
21	=	0.0113	29	29	29	26	0
21	-	0.0015	8	4	1	2	0
21	,	0.0025	12	4	4	5	0
21	?	0.0169	48	37	37	47	0
21	5	0.0057	21	10	8	18	0
21	8	0.0083	26	15	8	34	0
21	/	0.0031	16	2	6	7	0
21	>	0.0166	45	37	32	52	0
21	;	0.0112	39	23	21	29	0
21	+	0.003	12	4	8	6	0
21	9	0.0087	24	20	18	25	0
21	4	0.0049	20	9	7	13	0
21	*	0.0017	10	2	4	1	0
21	.	0.0036	16	7	3	10	0
21	6	0.008	21	16	19	24	0
21	&	0.0018	7	3	2	6	0
21	3	0.0057	21	11	8	17	0
21	!	0.0031	0	0	0	0	31
21	'	0.0014	3	4	2	5	0
21	1	0.0034	18	1	6	9	0
21	%	0.0012	2	1	4	5	0
21	2	0.003	12	8	4	6	0
21	(	0.0012	6	1	3	2	0
22	F	0.4505	961	1295	1218	1031	0
22	E	0.1454	372	354	340	388	0
22	7	0.0071	29	11	11	20	0
22	;	0.0123	41	24	29	29	0
22	G	0.0767	152	233	222	160	0
22	A	0.0196	71	34	46	45	0
22	B	0.0296	76	86	62	72	0
22	@	0.0184	54	35	40	55	0
22	<	0.011	33	33	22	22	0
22	?	0.0173	67	39	34	33	0
22	6	0.0057	30	9	11	7	0
22	D	0.0549	149	123	145	132	0
22	:	0.0095	31	12	25	27	0
22	9	0.0076	25	18	14	19	0
22	!	0.0096	0	0	0	0	96
22	3	0.0053	19	11	9	14	0
22	C	0.035	96	74	93	87	0
22	*	0.0014	6	3	2	3	0
22	=	0.0129	33	40	28	28	0
22	>	0.0146	41	34	31	40	0
22	8	0.0108	39	20	21	28	0
22	-	0.002	15	1	4	0	0
22	)	0.0021	9	4	5	3	0
22	5	0.0063	25	9	9	20	0
22	'	0.002	7	8	1	4	0
22	(	0.0011	6	2	3	0	0
22	,	0.0023	7	5	5	6	0
22	1	0.005	17	11	8	14	0
22	/	0.0037	19	5	9	4	0
22	4	0.0052	19	7	11	15	0
22	0	0.003	10	7	3	10	0
22	.	0.0036	19	3	5	9	0
22	2	0.0037	20	2	4	11	0
22	+	0.0015	3	4	3	5	0
22	&	0.002	8	3	5	4	0
22	%	0.0013	4	5	4	0	0
23	F	0.4503	994	1150	1201	1158	0
23	G	0.0763	144	212	258	149	0
23	@	0.0212	51	47	54	60	0
23	7	0.0056	19	10	14	13	0
23	A	0.0245	70	40	60	75	0
23	<	0.0101	36	26	18	21	0
23	E	0.1455	391	339	339	386	0
23	>	0.0173	63	33	32	45	0
23	D	0.0553	158	125	138	132	0
23	3	0.0045	24	3	7	11	0
23	?	0.0175	52	45	31	47	0
23	9	0.0088	27	16	16	29	0
23	B	0.0289	95	66	60	68	0
23	-	0.0032	18	2	5	7	0
23	=	0.0119	40	22	28	29	0
23	C	0.0335	97	75	78	85	0
23	4	0.0076	37	8	17	14	0
23	;	0.0096	31	15	18	32	0
23	:	0.0111	32	25	26	28	0
23	,	0.0018	11	1	3	3	0
23	'	0.0022	10	3	4	5	0
23	+	0.0021	10	6	2	3	0
23	6	0.0075	26	18	13	18	0
23	8	0.0091	36	9	14	32	0
23	!	0.004	0	0	0	0	40
23	)	0.0022	11	3	3	5	0
23	0	0.0031	14	2	5	10	0
23	(	0.0017	10	0	2	5	0
23	1	0.0044	18	7	4	15	0
23	5	0.0055	22	9	11	13	0
23	&	0.0024	6	4	8	6	0
23	2	0.0034	15	6	5	8	0
23	%	0.0009	4	3	2	0	0
23	.	0.0031	15	4	6	6	0
23	*	0.0014	9	1	0	4	0
23	/	0.0025	8	4	5	8	0
24	F	0.4486	915	1300	1189	1082	0
24	E	0.1381	359	373	323	326	0
24	:	0.0118	41	25	25	27	0
24	A	0.0231	62	69	58	42	0
24	7	0.0056	28	10	5	13	0
24	G	0.0819	158	248	236	177	0
24	)	0.0024	10	4	4	6	0
24	9	0.01	35	23	12	30	0
24	D	0.057	165	128	135	142	0
24	C	0.0352	99	80	99	74	0
24	=	0.0122	34	29	23	36	0
24	;	0.0137	54	29	22	32	0
24	4	0.0058	27	9	9	13	0
24	@	0.0197	53	48	47	49	0
24	?	0.013	35	34	33	28	0
24	<	0.0127	36	24	29	38	0
24	3	0.0048	24	7	7	10	0
24	-	0.0027	15	3	3	6	0
24	,	0.0026	12	4	3	7	0
24	B	0.0308	96	80	56	76	0
24	5	0.0076	31	9	13	23	0
24	>	0.0166	60	43	32	31	0
24	*	0.0019	12	2	2	3	0
24	1	0.0061	34	7	8	12	0
24	6	0.0065	30	13	9	13	0
24	8	0.0087	36	14	16	21	0
24	'	0.0027	10	3	7	7	0
24	/	0.0024	8	4	5	7	0
24	(	0.0026	16	4	4	2	0
24	&	0.0016	4	4	6	2	0
24	0	0.0027	9	4	5	9	0
24	2	0.0035	15	6	7	7	0
24	.	0.0021	14	3	3	1	0
24	+	0.0018	7	2	3	6	0
24	%	0.0008	5	2	1	0	0
24	!	0.0007	0	0	0	0	7
25	8	0.0096	36	21	15	24	0
25	F	0.4488	901	1319	1253	1015	0
25	E	0.1377	358	354	346	319	0
25	C	0.0345	105	73	88	79	0
25	D	0.0595	153	153	158	131	0
25	.	0.0028	17	2	5	4	0
25	@	0.0227	63	62	58	44	0
25	A	0.0235	78	55	54	48	0
25	B	0.0283	96	55	74	58	0
25	G	0.0842	161	262	247	172	0
25	;	0.0122	36	21	37	28	0
25	0	0.0027	10	2	9	6	0
25	7	0.007	27	11	14	18	0
25	/	0.0039	28	5	2	4	0
25	=	0.01	32	25	20	23	0
25	1	0.0044	22	11	5	6	0
25	5	0.0052	15	14	7	16	0
25	3	0.0057	23	11	8	15	0
25	,	0.0034	13	5	5	11	0
25	6	0.0089	33	17	17	22	0
25	<	0.011	30	21	28	31	0
25	>	0.0135	42	31	33	29	0
25	?	0.0162	48	30	42	42	0
25	9	0.0083	32	23	14	14	0
25	2	0.0037	14	8	6	9	0
25	-	0.002	11	3	5	1	0
25	!	0.0013	0	0	0	0	13
25	4	0.0049	24	8	9	8	0
25	:	0.01	36	17	21	26	0
25	'	0.0022	7	4	5	6	0
25	)	0.0021	9	3	5	4	0
25	%	0.0014	4	6	2	2	0
25	+	0.0022	13	2	4	3	0
25	(	0.0021	9	2	6	4	0
25	&	0.0021	10	4	4	3	0
25	*	0.002	8	3	4	5	0
26	:	0.0163	39	34	50	40	0
26	A	0.0241	64	41	78	58	0
26	'	0.0554	150	105	139	160	0
26	=	0.022	57	40	69	54	0
26	7	0.019	51	38	55	46	0
26	+	0.0333	81	68	110	74	0
26	*	0.0357	94	72	104	87	0
26	0	0.0265	59	58	76	72	0
26	F	0.0744	242	130	229	143	0
26	B	0.0233	58	49	67	59	0
26	)	0.0393	105	85	95	108	0
26	/	0.0301	91	58	65	87	0
26	%	0.0083	29	10	15	29	0
26	2	0.024	54	64	75	47	0
26	5	0.0221	52	54	63	52	0
26	1	0.0318	98	58	86	76	0
26	.	0.0296	63	51	93	89	0
26	!	0.0115	0	0	0	0	115
26	;	0.0214	69	40	62	43	0
26	8	0.0231	67	46	62	56	0
26	@	0.0239	67	51	64	57	0
26	(	0.046	121	101	109	129	0
26	3	0.0268	68	58	71	71	0
26	4	0.0232	54	57	59	62	0
26	6	0.0258	70	50	69	69	0
26	&	0.0351	95	67	80	109	0
26	<	0.0217	49	51	52	65	0
26	E	0.0438	141	73	129	95	0
26	9	0.0219	56	48	58	57	0
26	D	0.0294	85	70	66	73	0
26	-	0.024	72	45	58	65	0
26	G	0.0089	23	18	34	14	0
26	C	0.0229	58	45	67	59	0
26	?	0.0191	45	33	54	59	0
26	>	0.0208	58	32	54	64	0
26	,	0.0355	98	73	75	109	0
27	B	0.0249	96	60	86	7	0
27	3	0.0251	76	80	81	14	0
27	F	0.0945	343	283	284	35	0
27	5	0.0192	63	61	63	5	0
27	>	0.0217	70	74	66	7	0
27	.	0.0269	106	77	72	14	0
27	D	0.034	124	109	96	11	0
27	E	0.0598	203	158	152	85	0
27	C	0.0278	89	99	80	10	0
27	?	0.0238	74	76	84	4	0
27	/	0.0272	91	99	73	9	0
27	4	0.0197	73	60	59	5	0
27	-	0.0238	69	80	85	4	0
27	;	0.0214	77	69	62	6	0
27	G	0.0127	36	49	36	6	0
27	(	0.0387	110	121	107	49	0
27	6	0.0222	84	69	67	2	0
27	A	0.0239	76	80	75	8	0
27	<	0.0191	62	52	71	6	0
27	0	0.0197	53	63	75	6	0
27	*	0.0286	88	96	86	16	0
27	)	0.0406	142	113	116	35	0
27	8	0.0212	76	71	62	3	0
27	+	0.0291	105	81	84	21	0
27	2	0.0214	80	63	70	1	0
27	,	0.0298	89	91	94	24	0
27	%	0.0128	32	23	26	47	0
27	7	0.0209	63	73	70	3	0
27	'	0.0502	144	144	124	90	0
27	&	0.0391	111	105	109	66	0
27	=	0.0221	72	62	77	10	0
27	:	0.019	37	82	71	0	0
27	9	0.0198	60	68	66	4	0
27	@	0.0196	60	62	73	1	0
27	1	0.027	88	79	91	12	0
27	!	0.0127	0	0	0	0	127
28	,	0.0367	69	86	99	113	0
28	6	0.0272	63	55	73	81	0
28	7	0.0223	43	56	55	69	0
28	B	0.0234	50	53	67	64	0
28	0	0.0265	57	58	65	85	0
28	1	0.0306	63	73	71	99	0
28	F	0.0719	197	149	216	157	0
28	2	0.0245	69	55	69	52	0
28	'	0.0513	121	111	138	143	0
28	9	0.0224	45	49	69	61	0
28	-	0.0269	78	61	67	63	0
28	E	0.0436	127	107	99	103	0
28	:	0.0169	29	42	45	53	0
28	&	0.0403	121	82	101	99	0
28	=	0.0184	48	41	43	52	0
28	*	0.0329	82	71	81	95	0
28	;	0.0257	73	47	61	76	0
28	D	0.0275	56	53	91	75	0
28	@	0.0195	37	43	56	59	0
28	)	0.0398	103	84	109	102	0
28	5	0.0207	42	54	58	53	0
28	%	0.0063	9	18	13	23	0
28	.	0.029	73	67	81	69	0
28	3	0.0295	76	52	79	88	0
28	!	0.0105	0	0	0	0	105
28	A	0.0191	40	47	43	61	0
28	+	0.0362	78	87	102	95	0
28	4	0.0257	62	72	75	48	0
28	<	0.0217	54	50	54	59	0
28	/	0.0302	76	70	85	71	0
28	(	0.0445	107	106	108	124	0
28	G	0.009	24	17	21	28	0
28	8	0.0231	55	60	57	59	0
28	>	0.0197	42	40	62	53	0
28	C	0.025	52	54	90	54	0
28	?	0.0215	63	57	49	46	0
29	A	0.0214	64	9	77	64	0
29	'	0.0515	132	94	135	154	0
29	!	0.0115	0	0	0	0	115
29	6	0.0265	89	8	74	94	0
29	)	0.0386	104	46	116	120	0
29	.	0.0266	85	20	67	94	0
29	*	0.0291	81	18	86	106	0
29	-	0.0242	78	12	79	73	0
29	4	0.0216	75	10	61	70	0
29	,	0.0318	81	17	100	120	0
29	7	0.0177	60	7	48	62	0
29	>	0.0218	60	8	69	81	0
29	E	0.0481	156	18	146	161	0
29	3	0.0234	71	9	66	88	0
29	D	0.0344	119	13	98	114	0
29	0	0.0241	69	9	86	77	0
29	=	0.0207	60	11	58	78	0
29	B	0.0242	76	7	71	88	0
29	(	0.0404	124	56	100	124	0
29	1	0.0275	98	9	74	94	0
29	&	0.0462	125	95	103	139	0
29	:	0.0184	59	1	53	71	0
29	8	0.0232	80	9	64	79	0
29	F	0.0882	269	12	282	319	0
29	%	0.0152	31	60	26	35	0
29	;	0.0252	87	7	70	88	0
29	C	0.0254	66	6	76	106	0
29	9	0.0221	73	6	71	71	0
29	G	0.0137	38	5	44	50	0
29	?	0.0219	72	8	71	68	0
29	/	0.0296	85	18	81	112	0
29	5	0.0199	63	8	56	72	0
29	@	0.0195	56	8	60	71	0
29	+	0.0287	95	34	77	81	0
29	2	0.0193	51	13	56	73	0
29	<	0.0184	44	8	54	78	0
30	D	0.0269	74	48	78	69	0
30	C	0.0264	65	63	82	54	0
30	'	0.0533	151	127	133	122	0
30	3	0.0261	68	49	87	57	0
30	(	0.0407	125	84	100	98	0
30	)	0.0395	115	86	97	97	0
30	<	0.0209	50	47	65	47	0
30	4	0.0255	65	46	81	63	0
30	:	0.0203	54	42	53	54	0
30	5	0.0226	63	38	65	60	0
30	+	0.0338	82	80	85	91	0
30	8	0.021	53	41	75	41	0
30	,	0.0385	108	74	104	99	0
30	2	0.0245	74	41	68	62	0
30	&	0.0411	141	79	99	92	0
30	B	0.0234	70	59	60	45	0
30	-	0.024	76	66	50	48	0
30	6	0.0236	69	50	64	53	0
30	?	0.0216	66	42	54	54	0
30	;	0.022	56	49	63	52	0
30	*	0.0346	108	80	86	72	0
30	/	0.0324	95	65	76	88	0
30	F	0.0689	197	153	211	128	0
30	7	0.0173	51	30	52	40	0
30	E	0.039	118	55	141	76	0
30	G	0.0092	24	21	32	15	0
30	@	0.0198	44	45	58	51	0
30	A	0.0212	53	51	62	46	0
30	!	0.0227	0	0	0	0	227
30	=	0.0193	44	38	66	45	0
30	1	0.0281	82	57	86	56	0
30	0	0.0266	70	59	70	67	0
30	.	0.0313	93	72	77	71	0
30	9	0.0234	61	61	57	55	0
30	>	0.0219	53	45	73	48	0
30	%	0.0086	25	15	18	28	0
31	?	0.0205	34	72	55	44	0
31	)	0.045	123	116	99	112	0
31	.	0.0321	85	87	85	64	0
31	F	0.0583	49	253	235	46	0
31	D	0.0235	35	86	82	32	0
31	6	0.0253	48	87	68	50	0
31	(	0.0526	139	147	128	112	0
31	+	0.0373	101	86	97	89	0
31	'	0.0616	167	152	153	144	0
31	E	0.0486	106	112	160	108	0
31	&	0.0445	116	118	98	113	0
31	,	0.0361	83	117	82	79	0
31	=	0.0153	24	52	50	27	0
31	9	0.0199	42	58	60	39	0
31	;	0.0179	40	59	49	31	0
31	-	0.0262	58	73	72	59	0
31	B	0.0203	37	60	71	35	0
31	*	0.0346	86	101	91	68	0
31	0	0.0245	47	79	68	51	0
31	7	0.0181	32	58	70	21	0
31	2	0.0187	36	56	47	48	0
31	!	0.0317	0	0	0	0	317
31	4	0.024	51	68	74	47	0
31	/	0.0337	70	97	97	73	0
31	%	0.0111	38	14	28	31	0
31	5	0.0195	35	60	59	41	0
31	:	0.0156	31	56	39	30	0
31	@	0.0173	45	69	36	23	0
31	1	0.0313	61	87	92	73	0
31	C	0.0216	38	72	70	36	0
31	G	0.0066	3	37	20	6	0
31	>	0.0186	23	60	66	37	0
31	3	0.0264	74	64	66	60	0
31	<	0.0198	24	59	65	50	0
31	8	0.0237	56	68	60	53	0
31	A	0.0182	43	57	58	24	0
32	8	0.0092	26	11	22	33	0
32	F	0.4573	999	1229	1253	1092	0
32	2	0.0038	14	6	9	9	0
32	C	0.0351	102	78	88	83	0
32	G	0.0855	209	221	241	184	0
32	9	0.0089	23	25	18	23	0
32	E	0.1401	336	347	372	346	0
32	D	0.0574	158	138	128	150	0
32	B	0.0311	85	64	89	73	0
32	7	0.0061	18	10	17	16	0
32	@	0.0192	47	50	44	51	0
32	<	0.0097	28	20	15	34	0
32	>	0.0148	45	32	37	34	0
32	=	0.0128	34	32	34	28	0
32	?	0.0148	43	21	38	46	0
32	:	0.0095	24	24	22	25	0
32	(	0.0017	1	5	7	4	0
32	5	0.0058	15	12	11	20	0
32	.	0.0025	10	4	4	7	0
32	;	0.0111	31	24	24	32	0
32	A	0.0209	66	47	36	60	0
32	6	0.0069	27	13	12	17	0
32	)	0.0017	6	2	2	7	0
32	/	0.003	14	5	4	7	0
32	4	0.0051	17	6	12	16	0
32	1	0.0033	14	6	8	5	0
32	*	0.0018	10	1	2	5	0
32	'	0.001	4	3	1	2	0
32	-	0.0026	12	6	2	6	0
32	,	0.003	12	4	7	7	0
32	!	0.0017	0	0	0	0	17
32	&	0.0014	5	2	3	4	0
32	3	0.0048	17	11	10	10	0
32	+	0.0016	7	3	1	5	0
32	0	0.0039	14	7	2	16	0
32	%	0.0009	5	1	2	1	0
33	F	0.4399	923	1179	1133	1164	0
33	G	0.0808	179	241	211	177	0
33	@	0.0212	58	49	39	66	0
33	1	0.0053	23	10	4	16	0
33	E	0.1366	374	322	301	369	0
33	=	0.012	36	32	20	32	0
33	>	0.0179	53	40	37	49	0
33	A	0.0244	74	48	51	71	0
33	<	0.0099	33	19	26	21	0
33	6	0.0084	26	16	11	31	0
33	:	0.0076	20	16	16	24	0
33	?	0.0169	47	46	34	42	0
33	D	0.0599	154	151	140	154	0
33	;	0.0108	33	20	20	35	0
33	C	0.0357	97	88	66	106	0
33	-	0.0027	11	3	2	11	0
33	4	0.0078	31	10	12	25	0
33	,	0.0025	9	4	6	6	0
33	B	0.0301	85	59	63	94	0
33	5	0.0082	36	14	10	22	0
33	8	0.0084	25	20	17	22	0
33	*	0.0032	16	5	3	8	0
33	7	0.0067	20	10	16	21	0
33	9	0.0082	27	21	13	21	0
33	0	0.0041	17	5	7	12	0
33	!	0.0005	0	0	0	0	5
33	/	0.0035	16	5	5	9	0
33	3	0.0059	26	6	6	21	0
33	)	0.0023	15	1	2	5	0
33	+	0.0028	9	7	2	10	0
33	2	0.0049	10	6	15	18	0
33	(	0.0022	8	3	5	6	0
33	&	0.0019	10	4	3	2	0
33	'	0.0026	7	4	8	7	0
33	.	0.003	14	5	5	6	0
33	%	0.0012	4	1	3	4	0
34	F	0.4326	841	1224	1117	1144	0
34	.	0.0038	19	5	1	13	0
34	?	0.0194	51	54	42	47	0
34	E	0.1434	359	368	350	357	0
34	G	0.0871	154	230	287	200	0
34	A	0.0204	61	54	43	46	0
34	D	0.0585	154	144	146	141	0
34	@	0.0218	59	42	60	57	0
34	=	0.012	36	23	23	38	0
34	C	0.0335	95	70	61	109	0
34	6	0.0073	27	11	13	22	0
34	9	0.0106	30	34	14	28	0
34	>	0.0179	54	32	39	54	0
34	B	0.0301	71	67	67	96	0
34	<	0.0127	42	30	22	33	0
34	:	0.0091	31	9	22	29	0
34	2	0.004	12	10	4	14	0
34	)	0.0025	12	3	4	6	0
34	5	0.005	19	5	8	18	0
34	1	0.0052	15	11	10	16	0
34	7	0.0053	20	10	6	17	0
34	*	0.002	13	2	2	3	0
34	&	0.0027	8	3	8	8	0
34	3	0.0048	20	6	6	16	0
34	;	0.0138	37	24	31	46	0
34	/	0.0037	15	1	7	14	0
34	4	0.0058	13	16	9	20	0
34	,	0.0032	14	3	4	11	0
34	8	0.0078	23	16	10	29	0
34	-	0.0021	9	5	3	4	0
34	0	0.004	19	3	6	12	0
34	+	0.0023	11	4	4	4	0
34	'	0.0022	5	4	8	5	0
34	(	0.0021	13	3	1	4	0
34	!	0.0006	0	0	0	0	6
34	%	0.0007	1	3	3	0	0
35	F	0.4274	951	1028	1174	1121	0
35	E	0.1394	339	321	348	386	0
35	D	0.0558	175	105	134	144	0
35	:	0.0115	46	15	25	29	0
35	G	0.087	157	255	287	171	0
35	A	0.0258	77	50	50	81	0
35	C	0.0351	96	71	96	88	0
35	B	0.0296	92	57	84	63	0
35	3	0.0067	36	0	17	14	0
35	8	0.0102	41	12	17	32	0
35	+	0.0024	17	3	1	3	0
35	=	0.0137	49	20	26	42	0
35	?	0.017	50	37	37	46	0
35	@	0.0209	59	36	54	60	0
35	'	0.0027	13	7	3	4	0
35	4	0.0081	28	13	13	27	0
35	7	0.0065	21	17	17	10	0
35	;	0.0132	50	20	30	32	0
35	,	0.0036	21	5	4	6	0
35	<	0.0125	51	18	25	31	0
35	5	0.0062	28	8	9	17	0
35	9	0.0095	29	21	26	19	0
35	(	0.002	8	3	2	7	0
35	)	0.002	11	2	2	5	0
35	>	0.0148	48	35	32	33	0
35	1	0.0051	15	6	15	15	0
35	0	0.0033	14	5	11	3	0
35	&	0.002	7	6	5	2	0
35	-	0.0034	14	2	7	11	0
35	/	0.0035	15	4	4	12	0
35	.	0.0038	16	7	5	10	0
35	6	0.0071	30	11	13	17	0
35	2	0.0037	17	5	8	7	0
35	*	0.0021	11	2	4	4	0
35	%	0.0011	1	4	3	3	0
35	!	0.0013	0	0	0	0	13
36	F	0.4274	908	1213	1134	1019	0
36	D	0.0578	150	152	136	140	0
36	E	0.1414	357	359	330	368	0
36	G	0.0831	179	255	220	177	0
36	A	0.0255	66	56	64	69	0
36	3	0.0061	27	11	11	12	0
36	5	0.0056	19	9	13	15	0
36	6	0.0057	19	15	9	14	0
36	)	0.0023	8	5	4	6	0
36	?	0.0171	48	45	36	42	0
36	@	0.0203	54	63	42	44	0
36	1	0.0057	23	9	11	14	0
36	B	0.0295	85	78	59	73	0
36	;	0.0118	43	32	25	18	0
36	/	0.0032	19	4	3	6	0
36	*	0.0023	11	3	2	7	0
36	C	0.0398	115	95	89	99	0
36	<	0.0107	41	21	19	26	0
36	>	0.0167	57	35	36	39	0
36	-	0.0026	12	3	6	5	0
36	(	0.0027	12	7	1	7	0
36	4	0.0069	26	13	11	19	0
36	9	0.0098	31	24	14	29	0
36	7	0.0078	27	12	16	23	0
36	=	0.013	46	27	19	38	0
36	.	0.0034	15	8	3	8	0
36	:	0.0099	27	14	22	36	0
36	'	0.0032	11	6	6	9	0
36	8	0.0095	36	12	22	25	0
36	0	0.0043	15	9	8	11	0
36	2	0.0039	15	7	6	11	0
36	!	0.0021	0	0	0	0	21
36	&	0.0031	11	4	5	11	0
36	,	0.002	6	2	7	5	0
36	+	0.0026	13	4	3	6	0
36	%	0.0012	2	2	6	2	0
37	F	0.4234	880	1189	1110	1055	0
37	G	0.0848	154	276	254	164	0
37	D	0.0582	151	148	130	153	0
37	E	0.1413	352	352	312	397	0
37	C	0.039	111	100	73	106	0
37	B	0.0318	83	71	71	93	0
37	(	0.0023	10	5	5	3	0
37	8	0.01	35	24	18	23	0
37	:	0.0102	33	27	16	26	0
37	A	0.0217	49	53	69	46	0
37	=	0.0112	31	30	23	28	0
37	.	0.0036	19	6	6	5	0
37	7	0.0063	21	14	13	15	0
37	6	0.007	32	15	9	14	0
37	%	0.0014	6	2	4	2	0
37	1	0.0059	21	11	7	20	0
37	4	0.006	20	15	9	16	0
37	>	0.0161	51	34	35	41	0
37	<	0.0137	37	36	30	34	0
37	2	0.0042	14	7	14	7	0
37	5	0.0065	25	7	12	21	0
37	?	0.0148	47	32	35	34	0
37	9	0.0096	22	27	16	31	0
37	@	0.0215	57	51	49	58	0
37	3	0.0052	16	7	13	16	0
37	*	0.0019	10	3	2	4	0
37	;	0.0099	33	22	22	22	0
37	,	0.0034	19	3	3	9	0
37	)	0.0031	12	5	5	9	0
37	-	0.0029	10	7	2	10	0
37	!	0.0077	0	0	0	0	77
37	0	0.0048	16	13	11	8	0
37	+	0.003	17	6	1	6	0
37	&	0.0016	9	1	3	3	0
37	/	0.0042	13	11	7	11	0
37	'	0.0018	5	6	4	3	0
38	F	0.4207	866	1137	1100	1104	0
38	G	0.084	138	256	264	182	0
38	+	0.003	14	8	4	4	0
38	C	0.0378	104	80	94	100	0
38	B	0.0319	94	73	66	86	0
38	A	0.0217	59	52	46	60	0
38	@	0.0196	56	49	36	55	0
38	<	0.012	39	29	27	25	0
38	?	0.017	39	44	48	39	0
38	1	0.0057	31	6	9	11	0
38	D	0.0585	144	133	144	164	0
38	E	0.1422	337	360	361	364	0
38	=	0.0115	41	23	21	30	0
38	8	0.0092	27	15	16	34	0
38	-	0.0035	14	9	4	8	0
38	4	0.0091	34	13	20	24	0
38	2	0.0047	18	12	9	8	0
38	6	0.0083	26	19	12	26	0
38	>	0.0157	50	29	30	48	0
38	:	0.0097	36	23	14	24	0
38	;	0.0113	34	18	28	33	0
38	7	0.0077	29	16	11	21	0
38	.	0.0037	19	4	5	9	0
38	,	0.0027	16	1	3	7	0
38	9	0.0105	25	21	15	44	0
38	(	0.0024	10	5	3	6	0
38	3	0.0056	28	7	12	9	0
38	0	0.0042	23	4	7	8	0
38	/	0.005	19	8	8	15	0
38	5	0.0084	21	15	18	30	0
38	*	0.0021	12	1	2	6	0
38	&	0.0032	9	11	8	4	0
38	!	0.0016	0	0	0	0	16
38	'	0.0024	10	3	7	4	0
38	%	0.0012	2	4	3	3	0
38	)	0.0022	9	2	6	5	0
39	F	0.4234	941	1086	1150	1057	0
39	A	0.0222	79	39	56	48	0
39	*	0.0029	16	2	3	8	0
39	:	0.0082	26	20	24	12	0
39	C	0.0386	115	81	98	92	0
39	@	0.0197	62	31	46	58	0
39	7	0.007	34	6	9	21	0
39	B	0.033	92	83	75	80	0
39	E	0.1348	346	313	333	356	0
39	?	0.0168	52	39	34	43	0
39	D	0.0584	158	137	150	139	0
39	>	0.0179	67	36	39	37	0
39	2	0.0039	11	13	8	7	0
39	G	0.0872	208	232	233	199	0
39	;	0.0117	45	20	21	31	0
39	9	0.011	36	28	22	24	0
39	6	0.0089	28	24	18	19	0
39	-	0.0036	23	5	1	7	0
39	3	0.0068	26	9	15	18	0
39	<	0.0115	41	21	19	34	0
39	4	0.0063	30	11	9	13	0
39	5	0.0068	26	13	12	17	0
39	'	0.0037	16	3	9	9	0
39	=	0.0137	49	23	27	38	0
39	(	0.003	14	3	5	8	0
39	0	0.0037	21	3	8	5	0
39	,	0.0035	19	4	5	7	0
39	!	0.0003	0	0	0	0	3
39	+	0.0033	14	3	6	10	0
39	8	0.0086	23	20	14	29	0
39	.	0.0035	11	8	6	10	0
39	1	0.0052	21	7	8	16	0
39	)	0.0027	17	4	2	4	0
39	&	0.0029	6	4	5	14	0
39	/	0.004	17	8	6	9	0
39	%	0.0013	4	6	2	1	0
40	C	0.0358	98	99	79	82	0
40	E	0.1413	367	354	348	344	0
40	6	0.0087	25	19	16	27	0
40	D	0.0572	163	131	142	136	0
40	G	0.0864	171	259	257	177	0
40	F	0.4204	938	1189	1086	991	0
40	B	0.0342	107	92	62	81	0
40	9	0.008	31	13	10	26	0
40	4	0.0075	38	6	12	19	0
40	@	0.02	66	49	41	44	0
40	?	0.0165	56	51	29	29	0
40	0	0.0046	22	5	6	13	0
40	<	0.0132	47	31	20	34	0
40	/	0.0044	16	4	8	16	0
40	=	0.0126	43	30	23	30	0
40	A	0.0238	65	50	67	56	0
40	8	0.0094	24	20	22	28	0
40	:	0.01	35	16	21	28	0
40	>	0.0175	55	29	42	49	0
40	*	0.0029	13	3	10	3	0
40	;	0.0139	42	28	32	37	0
40	-	0.0029	9	2	6	12	0
40	(	0.002	14	2	2	2	0
40	5	0.005	16	12	9	13	0
40	2	0.0047	19	3	15	10	0
40	!	0.0012	0	0	0	0	12
40	+	0.0025	11	5	4	5	0
40	.	0.0032	14	5	8	5	0
40	,	0.0037	16	4	7	10	0
40	3	0.005	19	8	9	14	0
40	&	0.0024	8	7	4	5	0
40	7	0.0081	27	20	13	21	0
40	)	0.0015	6	4	4	1	0
40	1	0.0053	19	9	6	19	0
40	'	0.0024	10	6	6	2	0
40	%	0.0018	5	2	9	2	0
41	F	0.4209	876	1073	1122	1138	0
41	B	0.0312	88	71	70	83	0
41	C	0.0365	81	77	90	117	0
41	;	0.0126	32	25	30	39	0
41	@	0.0214	53	46	47	68	0
41	E	0.1402	334	303	365	400	0
41	8	0.0084	22	15	13	34	0
41	:	0.0093	25	16	21	31	0
41	A	0.0247	67	48	59	73	0
41	0	0.0039	15	5	2	17	0
41	,	0.0036	22	6	1	7	0
41	=	0.015	43	21	34	52	0
41	D	0.0583	137	145	129	172	0
41	?	0.0169	50	27	40	52	0
41	G	0.086	175	236	248	201	0
41	7	0.0066	24	10	9	23	0
41	5	0.0059	19	11	10	19	0
41	/	0.004	16	2	9	13	0
41	%	0.0013	3	6	1	3	0
41	*	0.0024	7	2	6	9	0
41	>	0.0177	54	40	41	42	0
41	6	0.0087	33	8	15	31	0
41	1	0.0051	19	8	9	15	0
41	4	0.0056	19	10	13	14	0
41	<	0.0111	32	12	28	39	0
41	(	0.0022	7	3	3	9	0
41	3	0.0079	33	15	10	21	0
41	9	0.0118	26	22	26	44	0
41	&	0.003	9	3	11	7	0
41	-	0.0022	6	2	5	9	0
41	)	0.0029	16	2	4	7	0
41	.	0.0037	12	6	4	15	0
41	'	0.0021	6	5	3	7	0
41	+	0.0032	12	7	5	8	0
41	2	0.0036	16	2	6	12	0
41	!	0.0001	0	0	0	0	1
