#Pos	Phred	prob	A	C	G	T	N
0	E	0.1409	714	833	725	546	0
0	F	0.4917	2238	3431	2497	1668	0
0	A	0.02245	120	130	124	75	0
0	D	0.0552	281	360	287	176	0
0	1	0.00355	12	20	31	8	0
0	G	0.0594	274	401	327	186	0
0	<	0.01075	44	70	75	26	0
0	8	0.0095	46	59	63	22	0
0	5	0.0064	29	39	46	14	0
0	B	0.03285	176	184	164	133	0
0	3	0.0045	24	30	30	6	0
0	7	0.00655	38	36	35	22	0
0	C	0.0326	178	213	165	96	0
0	?	0.01735	89	120	85	53	0
0	9	0.0075	30	59	45	16	0
0	*	0.00045	1	3	2	3	0
0	:	0.00965	41	74	55	23	0
0	0	0.00205	8	12	15	6	0
0	-	0.00175	7	11	14	3	0
0	;	0.0097	45	68	56	25	0
0	=	0.0132	57	81	86	40	0
0	@	0.0207	102	125	123	64	0
0	>	0.01525	65	113	86	41	0
0	6	0.0062	31	30	46	17	0
0	/	0.0023	9	15	18	4	0
0	4	0.00545	30	36	28	15	0
0	2	0.00285	14	14	22	7	0
0	%	5e-05	0	1	0	0	0
0	.	0.00195	8	11	17	3	0
0	&	0.00055	0	3	5	3	0
0	)	0.00065	2	6	4	1	0
0	+	0.0016	7	9	15	1	0
0	(	0.0008	3	0	10	3	0
0	'	0.0008	2	3	7	4	0
0	,	0.00185	6	11	19	1	0
0	!	0.001	0	0	0	0	20
1	F	0.48535	1968	3072	2184	2483	0
1	E	0.1411	690	776	577	779	0
1	B	0.0328	152	171	129	204	0
1	@	0.0203	100	109	71	126	0
1	G	0.05525	249	367	282	207	0
1	;	0.01335	68	78	50	71	0
1	.	0.00225	11	13	4	17	0
1	!	0.0011	0	0	0	0	22
1	A	0.02125	102	121	84	118	0
1	<	0.0124	64	71	40	73	0
1	3	0.0051	38	17	8	39	0
1	C	0.03285	143	172	142	200	0
1	D	0.0553	255	299	215	337	0
1	9	0.00835	32	51	32	52	0
1	?	0.0173	75	95	69	107	0
1	8	0.01005	56	51	19	75	0
1	7	0.0059	31	27	24	36	0
1	:	0.01025	32	55	47	71	0
1	>	0.0176	86	91	59	116	0
1	/	0.0034	23	13	3	29	0
1	5	0.006	28	26	24	42	0
1	2	0.00275	18	9	5	23	0
1	6	0.0075	39	39	18	54	0
1	1	0.00445	26	19	8	36	0
1	=	0.0122	55	67	49	73	0
1	4	0.0049	26	25	14	33	0
1	0	0.00285	13	9	9	26	0
1	*	0.0008	1	1	1	13	0
1	(	0.0006	4	2	2	4	0
1	-	0.0017	9	4	6	15	0
1	+	0.00155	11	8	2	10	0
1	)	0.0005	4	2	0	4	0
1	&	0.00025	2	2	1	0	0
1	,	0.0021	8	9	3	22	0
1	'	0.00055	4	2	0	5	0
1	%	5e-05	0	0	1	0	0
2	F	0.4797	2109	2735	2224	2526	0
2	G	0.05765	278	339	317	219	0
2	A	0.02355	119	113	94	145	0
2	E	0.1441	752	754	595	781	0
2	D	0.05485	288	274	200	335	0
2	<	0.01025	61	54	41	49	0
2	C	0.0334	177	172	116	203	0
2	B	0.03215	174	143	117	209	0
2	7	0.00685	38	25	23	51	0
2	@	0.0202	103	96	78	127	0
2	?	0.01925	110	85	81	109	0
2	;	0.01205	64	61	39	77	0
2	8	0.0107	77	48	33	56	0
2	>	0.0165	96	84	54	96	0
2	4	0.00475	33	19	14	29	0
2	3	0.00565	37	23	23	30	0
2	6	0.00615	35	32	27	29	0
2	:	0.00895	50	45	26	58	0
2	=	0.0135	77	58	57	78	0
2	9	0.0082	46	38	40	40	0
2	1	0.00515	32	15	14	42	0
2	5	0.0055	36	20	19	35	0
2	/	0.00315	26	10	7	20	0
2	,	0.0017	18	4	4	8	0
2	2	0.00255	16	11	9	15	0
2	+	0.00205	16	4	10	11	0
2	-	0.0024	18	8	10	12	0
2	(	0.00065	6	3	0	4	0
2	.	0.0026	24	9	5	14	0
2	0	0.00265	19	11	10	13	0
2	)	0.00045	5	1	2	1	0
2	*	0.001	10	2	4	4	0
2	'	0.00025	3	0	1	1	0
2	!	0.00105	0	0	0	0	21
2	%	0.0001	0	0	0	2	0
2	&	0.00035	1	1	2	3	0
3	F	0.4801	1774	3519	1716	2593	0
3	B	0.03615	174	202	117	230	0
3	5	0.00615	23	41	12	47	0
3	E	0.1401	621	892	473	816	0
3	>	0.016	57	108	45	110	0
3	9	0.0082	39	59	18	48	0
3	G	0.05725	250	437	247	211	0
3	D	0.05765	240	374	195	344	0
3	=	0.01135	50	77	19	81	0
3	?	0.0176	76	110	53	113	0
3	;	0.0113	46	66	29	85	0
3	A	0.02255	114	139	55	143	0
3	:	0.0113	43	69	20	94	0
3	@	0.0208	82	139	57	138	0
3	C	0.03285	157	199	88	213	0
3	<	0.0104	48	58	33	69	0
3	/	0.00305	12	16	4	29	0
3	8	0.00995	41	54	20	84	0
3	1	0.00555	27	29	5	50	0
3	6	0.00855	35	49	17	70	0
3	7	0.00585	25	40	16	36	0
3	,	0.00225	9	7	0	29	0
3	4	0.00445	18	27	6	38	0
3	2	0.00245	13	14	7	15	0
3	.	0.00265	9	16	4	24	0
3	3	0.0052	10	40	8	46	0
3	+	0.00145	6	11	3	9	0
3	!	0.0008	0	0	0	0	16
3	&	0.0003	1	2	2	1	0
3	*	0.00085	5	6	0	6	0
3	0	0.00245	8	15	4	22	0
3	-	0.00215	11	16	1	15	0
3	)	0.0011	6	4	1	11	0
3	'	0.0007	2	3	1	8	0
3	(	0.0005	2	3	0	5	0
4	F	0.46805	2533	2073	1975	2780	0
4	>	0.017	114	55	58	113	0
4	E	0.14165	862	559	522	890	0
4	A	0.0225	159	77	80	134	0
4	G	0.05795	317	303	307	232	0
4	D	0.05825	388	192	185	400	0
4	9	0.0084	67	26	21	54	0
4	C	0.0324	226	111	106	205	0
4	@	0.0219	163	82	65	128	0
4	B	0.03375	238	116	100	221	0
4	3	0.00425	41	5	6	33	0
4	8	0.01	77	28	27	68	0
4	?	0.01855	125	54	56	136	0
4	!	0.00055	0	0	0	0	11
4	7	0.0068	45	14	25	52	0
4	<	0.01195	89	30	35	85	0
4	:	0.0123	78	40	30	98	0
4	2	0.00305	24	8	5	24	0
4	1	0.00505	48	9	7	37	0
4	4	0.0055	47	13	13	37	0
4	5	0.0067	51	12	14	57	0
4	;	0.0119	95	37	28	78	0
4	=	0.01175	87	38	34	76	0
4	6	0.0076	56	23	15	58	0
4	-	0.0022	21	0	3	20	0
4	.	0.0029	30	6	4	18	0
4	0	0.0027	28	5	4	17	0
4	)	0.00105	12	1	0	8	0
4	(	0.00095	10	0	2	7	0
4	/	0.004	37	4	2	37	0
4	*	0.00145	17	0	1	11	0
4	'	0.00075	9	2	0	4	0
4	&	0.00055	5	0	3	3	0
4	+	0.0025	20	3	0	27	0
4	,	0.00285	27	3	0	27	0
4	%	0.0003	3	1	0	2	0
5	F	0.4637	2719	1698	2859	1998	0
5	?	0.01815	155	42	107	59	0
5	E	0.1394	952	453	751	632	0
5	@	0.01765	139	58	87	69	0
5	G	0.06045	339	244	440	186	0
5	B	0.0359	243	100	197	178	0
5	D	0.0595	463	147	350	230	0
5	<	0.0128	103	27	68	58	0
5	A	0.02415	193	60	143	87	0
5	>	0.01805	156	41	93	71	0
5	5	0.00635	53	9	36	29	0
5	=	0.0142	135	27	77	45	0
5	C	0.0337	266	80	209	119	0
5	1	0.0053	64	7	20	15	0
5	6	0.00725	61	20	38	26	0
5	3	0.00575	64	6	23	22	0
5	8	0.01165	112	25	46	50	0
5	0	0.0033	25	3	24	14	0
5	9	0.00785	72	15	34	36	0
5	:	0.0095	79	23	49	39	0
5	7	0.0058	52	16	23	25	0
5	;	0.0123	109	29	56	52	0
5	2	0.00305	34	4	17	6	0
5	.	0.0031	42	1	10	9	0
5	+	0.00235	31	3	6	7	0
5	4	0.005	53	9	21	17	0
5	/	0.0031	43	2	9	8	0
5	,	0.00285	38	3	9	7	0
5	*	0.0015	22	2	4	2	0
5	-	0.00275	37	2	9	7	0
5	'	0.0007	12	1	1	0	0
5	)	0.00115	18	2	2	1	0
5	(	0.00105	18	0	2	1	0
5	&	0.0006	5	0	5	2	0
5	%	0.0001	1	0	1	0	0
6	F	0.47535	2406	2341	2492	2268	0
6	E	0.14275	811	638	680	726	0
6	@	0.02125	128	68	103	126	0
6	=	0.01135	75	46	60	46	0
6	+	0.0016	14	2	12	4	0
6	B	0.03395	226	129	158	166	0
6	?	0.01805	134	57	80	90	0
6	A	0.02235	156	92	89	110	0
6	>	0.01635	85	71	85	86	0
6	D	0.05465	362	200	269	262	0
6	C	0.03545	242	136	161	170	0
6	:	0.0103	80	32	55	39	0
6	G	0.05905	297	342	352	190	0
6	;	0.01155	70	39	64	58	0
6	<	0.01235	97	42	50	58	0
6	5	0.00615	44	19	34	26	0
6	7	0.0061	60	13	27	22	0
6	4	0.00415	31	12	17	23	0
6	3	0.00445	35	15	22	17	0
6	9	0.0073	54	19	33	40	0
6	1	0.0055	42	12	27	29	0
6	8	0.0105	96	23	44	47	0
6	6	0.0069	54	17	27	40	0
6	/	0.0032	27	11	11	15	0
6	)	0.0008	12	0	2	2	0
6	.	0.0029	27	7	13	11	0
6	2	0.00355	19	12	22	18	0
6	*	0.0011	11	1	2	8	0
6	-	0.00215	24	1	10	8	0
6	&	0.0006	7	2	2	1	0
6	0	0.00205	25	4	4	8	0
6	!	0.00245	0	0	0	0	49
6	(	0.00075	7	3	2	3	0
6	'	0.00075	10	2	1	2	0
6	,	0.00215	22	4	5	12	0
6	%	0.00015	1	1	0	1	0
7	F	0.47485	2405	2317	2585	2190	0
7	E	0.1418	843	651	674	668	0
7	=	0.01345	76	56	66	71	0
7	B	0.03275	212	116	138	189	0
7	C	0.03255	225	125	159	142	0
7	;	0.0122	82	53	53	56	0
7	>	0.01645	99	81	79	70	0
7	G	0.0597	302	344	345	203	0
7	D	0.0568	356	222	268	290	0
7	A	0.02225	147	81	109	108	0
7	6	0.00745	53	26	36	34	0
7	3	0.0051	46	23	16	17	0
7	@	0.0196	128	72	100	92	0
7	?	0.0168	110	62	77	87	0
7	:	0.0094	69	31	32	56	0
7	2	0.00285	26	8	10	13	0
7	9	0.0095	71	32	40	47	0
7	5	0.00605	58	15	15	33	0
7	/	0.00335	37	6	12	12	0
7	*	0.0012	19	1	3	1	0
7	1	0.00455	44	15	14	18	0
7	<	0.0113	74	47	52	53	0
7	8	0.01145	86	42	44	57	0
7	)	0.00115	9	2	6	6	0
7	'	0.0009	11	2	2	3	0
7	,	0.0019	19	1	7	11	0
7	7	0.00625	45	22	29	29	0
7	0	0.0022	22	9	4	9	0
7	4	0.00535	48	17	21	21	0
7	&	0.00045	8	0	0	1	0
7	+	0.00205	28	1	4	8	0
7	!	0.003	0	0	0	0	60
7	-	0.00195	24	4	9	2	0
7	.	0.00255	25	7	7	12	0
7	(	0.0007	9	1	2	2	0
7	%	0.00015	3	0	0	0	0
8	F	0.47905	1716	3274	2423	2168	0
8	B	0.0324	162	187	146	153	0
8	@	0.0193	87	138	89	72	0
8	D	0.0562	259	340	233	292	0
8	<	0.01055	51	70	49	41	0
8	4	0.00535	26	40	19	22	0
8	C	0.0328	151	193	150	162	0
8	G	0.0634	234	413	378	243	0
8	E	0.14115	649	822	669	683	0
8	?	0.01885	68	133	85	91	0
8	;	0.0125	60	73	60	57	0
8	2	0.0029	11	20	16	11	0
8	>	0.01525	66	103	58	78	0
8	A	0.0228	99	146	98	113	0
8	3	0.00455	15	37	20	19	0
8	=	0.0106	65	66	38	43	0
8	9	0.00805	33	64	30	34	0
8	/	0.0032	13	29	11	11	0
8	8	0.0102	43	74	49	38	0
8	:	0.00995	46	55	47	51	0
8	7	0.0063	23	52	20	31	0
8	)	0.0009	7	6	1	4	0
8	6	0.00795	32	55	36	36	0
8	5	0.00585	17	53	25	22	0
8	,	0.00205	9	21	8	3	0
8	!	0.0035	0	0	0	0	70
8	1	0.0044	13	42	18	15	0
8	0	0.00265	9	23	9	12	0
8	.	0.00245	9	25	7	8	0
8	-	0.00135	5	11	6	5	0
8	%	0.0001	1	1	0	0	0
8	&	0.00025	3	1	1	0	0
8	*	0.0006	4	5	2	1	0
8	'	0.0006	1	7	1	3	0
8	+	0.00125	5	12	4	4	0
8	(	0.00075	4	6	2	3	0
9	F	0.47005	2184	2503	2014	2700	0
9	G	0.0618	303	399	290	244	0
9	E	0.14255	755	713	575	808	0
9	D	0.0591	343	274	221	344	0
9	@	0.02035	139	81	71	116	0
9	C	0.03345	201	146	111	211	0
9	8	0.01015	64	45	20	74	0
9	?	0.01705	100	79	44	118	0
9	=	0.0122	64	57	35	88	0
9	3	0.00565	36	22	15	40	0
9	B	0.0329	206	123	117	212	0
9	<	0.0108	53	60	33	70	0
9	A	0.02375	152	101	73	149	0
9	;	0.01325	87	60	36	82	0
9	5	0.0063	36	21	17	52	0
9	4	0.0053	38	19	14	35	0
9	:	0.00955	52	45	29	65	0
9	)	0.0012	12	3	0	9	0
9	>	0.0174	108	85	52	103	0
9	9	0.0086	47	34	29	62	0
9	7	0.0072	38	26	27	53	0
9	6	0.0074	42	31	15	60	0
9	2	0.00315	21	18	5	19	0
9	.	0.00245	13	12	1	23	0
9	/	0.00285	25	5	1	26	0
9	0	0.0025	12	16	1	21	0
9	*	0.0009	6	6	0	6	0
9	-	0.00205	15	10	3	13	0
9	!	0.00055	0	0	0	0	11
9	1	0.00455	30	13	7	41	0
9	(	0.00065	5	1	2	5	0
9	&	0.0004	1	0	2	5	0
9	,	0.00175	16	2	2	15	0
9	+	0.00165	16	1	3	13	0
9	'	0.00045	4	0	1	4	0
9	%	0.0001	0	1	1	0	0
10	F	0.4773	2084	2106	3036	2320	0
10	D	0.05805	312	203	359	287	0
10	E	0.1426	715	595	811	731	0
10	A	0.0224	112	69	140	127	0
10	G	0.0636	263	301	448	260	0
10	B	0.03245	173	114	180	182	0
10	;	0.01095	46	28	67	78	0
10	6	0.00765	44	23	43	43	0
10	<	0.0113	69	40	59	58	0
10	:	0.0105	62	43	54	51	0
10	3	0.0053	38	10	29	29	0
10	,	0.00205	19	4	12	6	0
10	8	0.0103	57	28	68	53	0
10	=	0.01275	71	41	78	65	0
10	C	0.03395	185	125	209	160	0
10	@	0.0219	102	88	133	115	0
10	>	0.01375	77	43	94	61	0
10	5	0.00545	34	8	35	32	0
10	9	0.00875	44	23	59	49	0
10	?	0.01635	81	52	105	89	0
10	.	0.00295	20	6	22	11	0
10	/	0.0029	24	4	18	12	0
10	7	0.00545	27	23	32	27	0
10	*	0.00085	4	0	7	6	0
10	2	0.00335	17	6	30	14	0
10	1	0.0046	37	8	22	25	0
10	4	0.00455	22	9	25	35	0
10	!	0.00105	0	0	0	0	21
10	'	0.00055	4	0	4	3	0
10	+	0.0013	12	0	11	3	0
10	0	0.00235	15	7	17	8	0
10	)	0.0006	5	2	1	4	0
10	-	0.0013	10	2	6	8	0
10	(	0.00045	4	0	4	1	0
10	%	0.0001	2	0	0	0	0
10	&	0.0003	3	1	2	0	0
11	F	0.47105	2110	2521	2180	2610	0
11	E	0.14185	721	644	659	813	0
11	6	0.0076	44	40	19	49	0
11	@	0.02055	102	99	80	130	0
11	G	0.06135	255	345	339	288	0
11	8	0.0096	67	41	33	51	0
11	?	0.01755	81	86	72	112	0
11	B	0.03425	216	149	130	190	0
11	D	0.0554	332	244	209	323	0
11	<	0.01255	71	66	39	75	0
11	/	0.00285	20	9	7	21	0
11	5	0.0055	40	19	22	29	0
11	;	0.0127	70	54	46	84	0
11	C	0.03185	178	135	138	186	0
11	9	0.0086	48	38	34	52	0
11	A	0.02395	153	97	82	147	0
11	=	0.0136	79	55	57	81	0
11	:	0.00925	57	34	31	63	0
11	>	0.01665	106	66	64	97	0
11	7	0.0054	34	27	17	30	0
11	3	0.00525	31	25	12	37	0
11	4	0.00575	37	16	21	41	0
11	1	0.0044	33	15	12	28	0
11	0	0.00265	21	6	6	20	0
11	&	0.0007	9	4	1	0	0
11	-	0.0022	19	8	8	9	0
11	2	0.003	21	13	12	14	0
11	*	0.0011	8	5	2	7	0
11	.	0.00335	25	14	10	18	0
11	'	0.0007	8	1	2	3	0
11	)	0.001	14	2	2	2	0
11	%	0.00025	1	0	2	2	0
11	+	0.0015	14	3	3	10	0
11	,	0.0024	23	4	4	17	0
11	(	0.0011	11	0	5	6	0
11	!	0.00255	0	0	0	0	51
12	F	0.47785	1972	2453	2672	2460	0
12	A	0.02265	116	100	121	116	0
12	E	0.14445	682	708	717	782	0
12	>	0.01665	96	73	76	88	0
12	G	0.0651	263	356	407	276	0
12	D	0.0574	284	251	302	311	0
12	C	0.03225	153	160	138	194	0
12	B	0.03075	149	127	160	179	0
12	?	0.0169	89	90	84	75	0
12	@	0.0202	102	77	120	105	0
12	:	0.0107	64	48	43	59	0
12	9	0.00935	35	48	58	46	0
12	=	0.01265	72	54	53	74	0
12	6	0.00685	27	31	38	41	0
12	4	0.0041	20	17	21	24	0
12	;	0.01125	72	54	47	52	0
12	<	0.0121	46	58	73	65	0
12	7	0.00625	33	27	32	33	0
12	8	0.00945	65	39	43	42	0
12	/	0.00285	21	9	9	18	0
12	3	0.00525	28	20	30	27	0
12	-	0.00165	11	8	8	6	0
12	1	0.0044	31	16	17	24	0
12	5	0.0053	23	23	19	41	0
12	+	0.00115	6	4	5	8	0
12	,	0.00175	13	7	9	6	0
12	0	0.00265	20	9	10	14	0
12	&	0.0004	3	1	3	1	0
12	2	0.0025	16	15	7	12	0
12	.	0.00205	14	13	9	5	0
12	'	0.00045	3	0	2	4	0
12	)	0.00045	3	0	3	3	0
12	%	0.0003	0	0	3	3	0
12	(	0.0008	6	2	5	3	0
12	!	0.0002	0	0	0	0	4
12	*	0.00095	8	5	2	4	0
13	F	0.4721	1853	2906	2268	2415	0
13	G	0.06725	280	430	375	260	0
13	?	0.0172	75	86	73	110	0
13	E	0.141	659	752	662	747	0
13	<	0.01185	58	73	41	65	0
13	C	0.03225	153	168	137	187	0
13	B	0.0318	165	177	115	179	0
13	@	0.0189	88	96	93	101	0
13	;	0.01095	50	43	50	76	0
13	D	0.0587	296	313	260	305	0
13	!	0.0038	0	0	0	0	76
13	A	0.0209	98	130	84	106	0
13	=	0.01335	55	87	46	79	0
13	7	0.00615	29	38	18	38	0
13	>	0.01495	63	93	72	71	0
13	4	0.0059	33	26	18	41	0
13	8	0.011	57	58	35	70	0
13	5	0.0059	28	40	17	33	0
13	2	0.0033	16	20	13	17	0
13	/	0.00375	18	19	7	31	0
13	0	0.00265	19	15	6	13	0
13	:	0.00995	48	46	42	63	0
13	6	0.0085	49	44	29	48	0
13	9	0.00775	41	51	22	41	0
13	.	0.0021	10	9	9	14	0
13	&	0.0003	4	0	0	2	0
13	1	0.00455	25	26	19	21	0
13	3	0.00535	36	21	23	27	0
13	,	0.002	11	9	7	13	0
13	'	0.00065	4	5	1	3	0
13	)	0.00095	8	3	1	7	0
13	(	0.00045	5	2	0	2	0
13	-	0.0015	6	3	9	12	0
13	+	0.0016	9	9	4	10	0
13	*	0.00065	7	2	0	4	0
13	%	5e-05	0	0	0	1	0
14	F	0.46885	2150	2567	2490	2170	0
14	.	0.00275	30	9	10	6	0
14	E	0.1429	735	679	749	695	0
14	B	0.03355	220	168	145	138	0
14	=	0.0124	61	68	58	61	0
14	C	0.0329	222	132	141	163	0
14	D	0.057	335	260	256	289	0
14	A	0.0221	124	94	123	101	0
14	G	0.0684	313	387	406	262	0
14	?	0.019	114	85	90	91	0
14	3	0.00495	44	28	15	12	0
14	@	0.01835	99	86	97	85	0
14	;	0.0109	84	38	44	52	0
14	7	0.00805	51	39	34	37	0
14	>	0.0171	106	75	82	79	0
14	!	0.00085	0	0	0	0	17
14	<	0.01085	61	53	51	52	0
14	,	0.00235	28	5	6	8	0
14	9	0.00865	59	34	36	44	0
14	2	0.00365	35	11	15	12	0
14	:	0.0098	65	44	48	39	0
14	5	0.00605	49	22	15	35	0
14	8	0.0094	69	36	41	42	0
14	&	0.00035	2	1	3	1	0
14	6	0.0081	64	32	25	41	0
14	0	0.0028	25	10	14	7	0
14	1	0.00485	35	20	20	22	0
14	4	0.00515	43	26	15	19	0
14	+	0.0016	20	3	4	5	0
14	/	0.002	14	7	12	7	0
14	*	0.00075	8	1	3	3	0
14	-	0.00165	15	5	8	5	0
14	'	0.0005	7	1	2	0	0
14	%	0.00015	1	1	0	1	0
14	(	0.0006	8	1	2	1	0
14	)	0.0007	9	1	4	0	0
15	F	0.4703	2189	2515	2436	2266	0
15	D	0.0565	341	233	262	294	0
15	A	0.0219	142	89	84	123	0
15	E	0.14395	777	671	715	716	0
15	4	0.00545	44	21	13	31	0
15	6	0.0082	51	24	41	48	0
15	G	0.0658	319	375	369	253	0
15	9	0.00965	57	37	40	59	0
15	:	0.01085	69	49	42	57	0
15	B	0.03165	201	129	140	163	0
15	>	0.01575	103	55	84	73	0
15	C	0.0311	166	144	170	142	0
15	8	0.00965	65	36	42	50	0
15	3	0.00585	51	19	11	36	0
15	;	0.01205	74	50	50	67	0
15	?	0.0169	111	79	79	69	0
15	@	0.01975	120	79	92	104	0
15	-	0.00215	28	5	3	7	0
15	2	0.00385	31	12	18	16	0
15	/	0.00325	25	9	12	19	0
15	<	0.0114	74	49	49	56	0
15	=	0.0113	78	50	56	42	0
15	7	0.00585	41	16	31	29	0
15	,	0.00195	13	6	7	13	0
15	!	0.0024	0	0	0	0	48
15	5	0.00685	67	16	24	30	0
15	0	0.00225	21	7	6	11	0
15	+	0.00105	10	4	3	4	0
15	*	0.00145	12	6	6	5	0
15	1	0.0042	32	8	15	29	0
15	)	0.0016	18	4	6	4	0
15	.	0.0026	19	6	10	17	0
15	'	0.00055	8	1	0	2	0
15	(	0.001	9	3	3	5	0
15	%	0.0001	1	1	0	0	0
15	&	0.0009	10	2	3	3	0
16	F	0.47295	2081	2523	2352	2503	0
16	D	0.05725	333	226	270	316	0
16	!	0.00225	0	0	0	0	45
16	C	0.03525	204	152	172	177	0
16	=	0.0121	74	55	52	61	0
16	G	0.0668	297	386	401	252	0
16	E	0.1385	748	605	631	786	0
16	B	0.03195	209	107	154	169	0
16	8	0.00925	65	30	35	55	0
16	;	0.0114	68	49	44	67	0
16	@	0.02095	111	99	86	123	0
16	>	0.01535	90	55	75	87	0
16	.	0.0031	25	9	11	17	0
16	?	0.01835	104	77	92	94	0
16	A	0.0207	131	86	79	118	0
16	<	0.01055	60	42	56	53	0
16	5	0.0069	51	24	27	36	0
16	9	0.0081	43	33	39	47	0
16	0	0.00245	11	10	9	19	0
16	1	0.00495	43	19	9	28	0
16	7	0.00615	37	26	28	32	0
16	,	0.0025	29	5	6	10	0
16	:	0.00955	55	40	41	55	0
16	4	0.0044	39	13	17	19	0
16	6	0.0078	63	21	41	31	0
16	3	0.00545	43	16	21	29	0
16	+	0.0015	12	5	7	6	0
16	/	0.0038	35	15	9	17	0
16	)	0.00075	4	4	2	5	0
16	2	0.00315	25	7	19	12	0
16	-	0.0022	17	7	8	12	0
16	&	0.00065	6	3	2	2	0
16	(	0.00065	8	3	1	1	0
16	*	0.0014	14	3	4	7	0
16	'	0.0007	9	2	2	1	0
16	%	0.00025	5	0	0	0	0
17	F	0.46965	2172	2464	2343	2414	0
17	D	0.0575	349	243	256	302	0
17	E	0.14065	739	662	646	766	0
17	>	0.0155	93	62	67	88	0
17	C	0.0349	213	140	176	169	0
17	A	0.02245	140	99	101	109	0
17	;	0.01195	75	46	56	62	0
17	G	0.06815	314	384	392	273	0
17	9	0.007	44	32	30	34	0
17	,	0.0024	18	6	9	15	0
17	:	0.0103	58	36	52	60	0
17	2	0.004	26	10	15	29	0
17	7	0.0069	59	29	26	24	0
17	=	0.0126	84	54	48	66	0
17	@	0.01695	88	66	81	104	0
17	5	0.0057	40	25	19	30	0
17	B	0.03015	174	109	157	163	0
17	3	0.00595	44	13	25	37	0
17	4	0.00625	49	16	20	40	0
17	8	0.01035	61	39	43	64	0
17	?	0.01675	105	72	82	76	0
17	0	0.0032	29	9	12	14	0
17	!	0.0014	0	0	0	0	28
17	6	0.0066	48	19	27	38	0
17	1	0.00545	39	18	19	33	0
17	<	0.01215	81	53	55	54	0
17	+	0.0014	18	4	1	5	0
17	)	0.00175	19	6	4	6	0
17	-	0.00195	16	5	5	13	0
17	.	0.00235	23	3	5	16	0
17	/	0.0031	30	7	4	21	0
17	*	0.0014	16	2	4	6	0
17	&	0.0006	5	2	3	2	0
17	(	0.0013	13	4	3	6	0
17	'	0.00105	15	1	0	5	0
17	%	0.00025	2	0	1	2	0
18	F	0.4716	2119	2472	2408	2433	0
18	C	0.0311	170	125	141	186	0
18	E	0.14265	747	679	645	782	0
18	@	0.0203	129	91	90	96	0
18	*	0.0013	13	3	3	7	0
18	3	0.0054	45	15	15	33	0
18	G	0.06665	307	395	366	265	0
18	D	0.0571	310	268	250	314	0
18	>	0.017	105	82	66	87	0
18	B	0.03375	204	143	139	189	0
18	:	0.01025	69	35	37	64	0
18	2	0.003	21	10	10	19	0
18	7	0.00625	43	27	23	32	0
18	=	0.01205	66	54	39	82	0
18	;	0.0105	64	57	42	47	0
18	0	0.003	22	11	10	17	0
18	4	0.00575	45	20	29	21	0
18	9	0.0087	51	25	39	59	0
18	5	0.0062	36	26	28	34	0
18	?	0.01755	92	76	94	89	0
18	<	0.00985	60	40	40	57	0
18	8	0.0082	63	32	26	43	0
18	!	0.00105	0	0	0	0	21
18	A	0.0209	113	89	104	112	0
18	6	0.0077	59	28	34	33	0
18	,	0.00225	16	7	5	17	0
18	1	0.0048	34	13	19	30	0
18	-	0.0022	22	4	6	12	0
18	+	0.00145	13	3	7	6	0
18	.	0.0031	28	10	13	11	0
18	/	0.0042	34	11	10	29	0
18	(	0.00085	10	4	2	1	0
18	'	0.00105	8	7	3	3	0
18	)	0.00165	16	4	6	7	0
18	&	0.00055	5	3	2	1	0
18	%	0.0001	1	1	0	0	0
19	A	0.0218	123	93	115	105	0
19	E	0.13635	726	575	680	746	0
19	F	0.47285	2134	2514	2427	2382	0
19	C	0.0338	189	120	162	205	0
19	G	0.06725	302	367	372	304	0
19	D	0.0573	328	254	276	288	0
19	B	0.0338	198	140	165	173	0
19	?	0.0167	94	78	76	86	0
19	4	0.00565	46	12	24	31	0
19	>	0.017	102	87	66	85	0
19	5	0.00565	34	22	28	29	0
19	2	0.0039	32	12	19	15	0
19	@	0.0203	120	91	103	92	0
19	:	0.0089	65	33	42	38	0
19	9	0.00895	64	45	36	34	0
19	0	0.0028	21	10	6	19	0
19	=	0.0122	64	49	62	69	0
19	-	0.00275	23	5	13	14	0
19	;	0.0115	71	49	48	62	0
19	<	0.0119	69	52	48	69	0
19	8	0.01115	69	36	42	76	0
19	!	0.0002	0	0	0	0	4
19	1	0.0044	32	15	16	25	0
19	6	0.008	51	35	31	43	0
19	7	0.00515	31	17	27	28	0
19	'	0.001	12	1	4	3	0
19	.	0.0026	26	5	9	12	0
19	/	0.0034	26	17	7	18	0
19	3	0.0044	40	15	13	20	0
19	(	0.00105	16	2	2	1	0
19	*	0.0013	18	3	3	2	0
19	,	0.0021	16	2	14	10	0
19	+	0.0018	19	4	6	7	0
19	)	0.0012	10	2	6	6	0
19	&	0.00055	3	2	5	1	0
19	%	0.00035	5	1	0	1	0
20	F	0.4677	2101	2395	2413	2445	0
20	D	0.0584	320	241	299	308	0
20	@	0.0179	97	82	76	103	0
20	E	0.1409	746	649	679	744	0
20	=	0.01145	72	57	48	52	0
20	B	0.03245	220	133	132	164	0
20	A	0.02325	131	94	112	128	0
20	?	0.0183	117	67	86	96	0
20	G	0.06875	294	390	406	285	0
20	C	0.03495	206	149	159	185	0
20	<	0.0119	71	54	50	63	0
20	:	0.00855	60	31	40	40	0
20	-	0.0018	8	4	9	15	0
20	.	0.0024	16	6	6	20	0
20	2	0.00345	26	9	16	18	0
20	9	0.0077	54	38	22	40	0
20	4	0.0052	30	20	27	27	0
20	>	0.0169	121	58	73	86	0
20	1	0.0047	44	18	12	20	0
20	5	0.00555	39	21	24	27	0
20	7	0.0059	33	27	31	27	0
20	;	0.01155	65	46	55	65	0
20	0	0.0029	23	14	13	8	0
20	!	0.00335	0	0	0	0	67
20	6	0.00745	51	28	28	42	0
20	/	0.0035	28	12	12	18	0
20	(	0.00085	9	1	3	4	0
20	3	0.0055	41	20	22	27	0
20	8	0.00885	55	40	29	53	0
20	+	0.00155	17	4	2	8	0
20	&	0.00055	7	1	2	1	0
20	,	0.00225	24	8	4	9	0
20	)	0.00125	8	5	2	10	0
20	'	0.00065	6	0	4	3	0
20	*	0.00145	13	2	4	10	0
20	%	0.00025	0	3	1	1	0
21	F	0.46845	2098	2535	2430	2306	0
21	E	0.142	751	673	667	749	0
21	@	0.0191	98	88	86	110	0
21	A	0.0215	117	102	85	126	0
21	D	0.0557	291	267	253	303	0
21	G	0.06695	306	377	374	282	0
21	6	0.00715	51	21	25	46	0
21	+	0.0015	18	2	5	5	0
21	B	0.03285	168	146	165	178	0
21	C	0.036	215	157	161	187	0
21	7	0.00665	45	30	22	36	0
21	>	0.0176	103	74	82	93	0
21	0	0.0035	24	12	20	14	0
21	:	0.00915	48	45	29	61	0
21	4	0.00705	46	30	30	35	0
21	?	0.01675	104	71	73	87	0
21	9	0.0086	55	47	23	47	0
21	2	0.00355	23	10	17	21	0
21	5	0.0067	46	22	33	33	0
21	8	0.00975	55	40	45	55	0
21	;	0.01055	52	43	49	67	0
21	)	0.0012	15	3	4	2	0
21	,	0.00215	18	7	11	7	0
21	!	0.00105	0	0	0	0	21
21	1	0.0051	42	13	16	31	0
21	<	0.0115	64	52	54	60	0
21	=	0.01165	74	52	47	60	0
21	3	0.0048	27	19	20	30	0
21	-	0.0018	19	4	5	8	0
21	/	0.00285	24	12	5	16	0
21	.	0.0032	20	15	9	20	0
21	'	0.00065	6	3	2	2	0
21	*	0.0012	7	3	7	7	0
21	&	0.0007	6	3	5	0	0
21	(	0.0009	9	4	3	2	0
21	%	0.0002	3	0	1	0	0
22	F	0.4691	2116	2463	2391	2412	0
22	>	0.01625	105	67	75	78	0
22	E	0.14215	720	696	655	772	0
22	7	0.0063	43	26	33	24	0
22	G	0.07055	312	413	420	266	0
22	6	0.0075	44	35	31	40	0
22	C	0.03235	198	131	158	160	0
22	D	0.0597	343	254	268	329	0
22	9	0.00785	50	31	35	41	0
22	?	0.01595	88	74	64	93	0
22	B	0.03195	183	142	137	177	0
22	@	0.0217	105	103	99	127	0
22	A	0.0221	143	81	104	114	0
22	=	0.01305	94	52	50	65	0
22	<	0.0103	57	39	46	64	0
22	2	0.0026	22	7	6	17	0
22	3	0.00515	38	23	13	29	0
22	:	0.00845	50	34	23	62	0
22	;	0.0126	82	53	49	68	0
22	5	0.00635	33	25	27	42	0
22	0	0.0024	15	8	9	16	0
22	(	0.00095	9	1	2	7	0
22	1	0.0048	35	13	19	29	0
22	.	0.0026	16	10	7	19	0
22	8	0.0091	55	31	34	62	0
22	'	0.0009	11	4	1	2	0
22	-	0.0017	18	6	3	7	0
22	+	0.00185	15	7	5	10	0
22	,	0.00235	15	6	7	19	0
22	4	0.005	33	23	22	22	0
22	&	0.0005	6	2	1	1	0
22	/	0.0032	23	10	13	18	0
22	)	0.00115	15	0	3	5	0
22	*	0.0012	12	1	3	8	0
22	!	0.0002	0	0	0	0	4
22	%	0.00015	1	0	2	0	0
23	F	0.4694	2114	2449	2343	2482	0
23	G	0.06825	297	369	402	297	0
23	E	0.1432	764	669	659	772	0
23	8	0.00985	69	41	44	43	0
23	@	0.01925	110	91	98	86	0
23	D	0.05745	314	246	274	315	0
23	;	0.0129	81	48	63	66	0
23	A	0.02115	130	97	89	107	0
23	>	0.0156	100	67	63	82	0
23	.	0.00335	26	9	14	18	0
23	)	0.00125	17	4	2	2	0
23	?	0.01715	110	70	70	93	0
23	C	0.03315	220	125	153	165	0
23	4	0.0048	30	18	16	32	0
23	9	0.0074	54	35	29	30	0
23	3	0.0054	43	22	20	23	0
23	B	0.0312	172	137	142	173	0
23	:	0.01025	56	44	47	58	0
23	2	0.0032	25	6	8	25	0
23	=	0.01145	69	39	61	60	0
23	<	0.01155	76	45	45	65	0
23	7	0.00575	38	29	26	22	0
23	!	0.0021	0	0	0	0	42
23	6	0.00755	51	25	32	43	0
23	/	0.00365	32	13	13	15	0
23	0	0.0028	26	10	9	11	0
23	,	0.0026	28	7	8	9	0
23	-	0.00135	12	3	3	9	0
23	5	0.0061	56	25	15	26	0
23	1	0.00375	33	10	14	18	0
23	+	0.0027	30	7	10	7	0
23	*	0.00135	16	2	4	5	0
23	&	0.001	9	2	5	4	0
23	(	0.001	10	2	4	4	0
23	%	0.00025	2	1	0	2	0
23	'	0.00085	12	2	0	3	0
24	9	0.00905	46	43	43	49	0
24	:	0.0104	62	39	48	59	0
24	>	0.01575	90	63	76	86	0
24	E	0.14085	722	638	663	794	0
24	F	0.47155	2088	2481	2446	2416	0
24	<	0.01085	74	41	46	56	0
24	G	0.0673	281	381	381	303	0
24	6	0.00725	50	27	25	43	0
24	D	0.0554	291	253	272	292	0
24	A	0.0219	120	104	99	115	0
24	;	0.01245	71	63	47	68	0
24	1	0.00505	40	20	13	28	0
24	2	0.0031	19	9	12	22	0
24	?	0.01665	100	66	73	94	0
24	B	0.03295	199	133	139	188	0
24	C	0.0341	178	156	156	192	0
24	!	0.00225	0	0	0	0	45
24	=	0.01075	48	65	45	57	0
24	@	0.0197	102	95	97	100	0
24	*	0.00105	10	2	3	6	0
24	7	0.0064	46	34	18	30	0
24	5	0.00575	36	17	25	37	0
24	3	0.0051	42	14	15	31	0
24	'	0.0009	5	6	3	4	0
24	8	0.0093	65	32	30	59	0
24	0	0.00275	26	6	8	15	0
24	(	0.0008	5	2	4	5	0
24	.	0.00275	17	11	11	16	0
24	4	0.006	26	31	24	39	0
24	)	0.00165	18	5	3	7	0
24	&	0.001	9	6	4	1	0
24	+	0.00165	16	3	5	9	0
24	-	0.00185	15	5	7	10	0
24	/	0.0031	30	8	11	13	0
24	,	0.00235	17	10	6	14	0
24	%	0.0003	1	2	1	2	0
25	F	0.4656	2151	2423	2356	2382	0
25	;	0.0113	84	37	52	53	0
25	E	0.1412	737	640	712	735	0
25	D	0.05935	363	231	261	332	0
25	5	0.00665	40	28	30	35	0
25	G	0.07085	320	403	419	275	0
25	?	0.0158	97	60	72	87	0
25	B	0.0336	195	153	145	179	0
25	C	0.0348	219	139	156	182	0
25	-	0.00155	17	1	4	9	0
25	6	0.00755	41	33	30	47	0
25	1	0.0049	46	13	18	21	0
25	=	0.0114	74	47	38	69	0
25	:	0.01005	65	43	42	51	0
25	@	0.01985	122	94	91	90	0
25	>	0.01615	95	73	79	76	0
25	<	0.0109	65	51	53	49	0
25	A	0.0221	131	80	108	123	0
25	9	0.0075	46	31	32	41	0
25	%	0.0003	3	1	1	1	0
25	'	0.0012	11	2	5	6	0
25	2	0.00335	24	9	11	23	0
25	4	0.005	36	19	22	23	0
25	!	0.00055	0	0	0	0	11
25	,	0.00235	24	8	5	10	0
25	7	0.0055	33	22	22	33	0
25	.	0.0028	26	10	4	16	0
25	8	0.00955	62	34	41	54	0
25	+	0.0025	23	7	8	12	0
25	/	0.0037	30	9	14	21	0
25	0	0.00255	20	11	10	10	0
25	*	0.00125	12	5	2	6	0
25	3	0.00465	34	20	17	22	0
25	(	0.0013	10	4	7	5	0
25	)	0.0016	19	2	6	5	0
25	&	0.00075	7	3	3	2	0
26	F	0.46225	2112	2406	2363	2364	0
26	A	0.0224	138	102	91	117	0
26	E	0.14445	726	704	668	791	0
26	9	0.0075	48	25	32	45	0
26	D	0.0551	329	205	269	299	0
26	G	0.073	294	445	408	313	0
26	C	0.03265	183	154	160	156	0
26	;	0.0118	83	41	49	63	0
26	>	0.0165	111	69	71	79	0
26	@	0.0202	108	98	96	102	0
26	8	0.01005	70	37	41	53	0
26	1	0.00525	44	19	21	21	0
26	<	0.0104	69	40	49	50	0
26	B	0.03035	168	119	153	167	0
26	:	0.00805	53	35	32	41	0
26	3	0.0057	39	20	27	28	0
26	=	0.0109	53	49	57	59	0
26	-	0.00225	20	6	10	9	0
26	?	0.01845	130	72	69	98	0
26	.	0.003	23	5	13	19	0
26	!	0.0013	0	0	0	0	26
26	5	0.0058	45	22	15	34	0
26	6	0.0079	55	34	28	41	0
26	7	0.0072	47	28	24	45	0
26	0	0.0034	25	7	14	22	0
26	2	0.00415	33	14	13	23	0
26	4	0.00565	39	20	25	29	0
26	/	0.00295	28	9	10	12	0
26	&	0.00125	11	6	2	6	0
26	*	0.0016	18	3	4	7	0
26	+	0.00235	24	7	5	11	0
26	'	0.00135	15	3	6	3	0
26	,	0.00215	26	4	2	11	0
26	(	0.00085	11	1	4	1	0
26	)	0.00145	14	8	4	3	0
26	%	0.0004	3	2	0	3	0
27	;	0.01205	79	46	51	65	0
27	F	0.4625	2040	2523	2379	2308	0
27	>	0.0164	107	47	64	110	0
27	=	0.01105	71	41	47	62	0
27	D	0.06075	339	257	272	347	0
27	,	0.00245	28	6	7	8	0
27	<	0.01215	69	63	53	58	0
27	E	0.1422	728	691	650	775	0
27	G	0.06825	296	372	409	288	0
27	A	0.02235	145	93	88	121	0
27	6	0.0072	50	24	32	38	0
27	9	0.00835	51	45	26	45	0
27	B	0.0316	168	152	147	165	0
27	C	0.03365	199	128	163	183	0
27	5	0.0061	32	27	18	45	0
27	8	0.0077	35	33	37	49	0
27	@	0.01905	95	96	89	101	0
27	?	0.01745	111	70	76	92	0
27	-	0.00185	15	4	10	8	0
27	:	0.00965	55	34	40	64	0
27	0	0.00285	16	11	11	19	0
27	7	0.0066	43	30	27	32	0
27	3	0.0052	46	17	19	22	0
27	1	0.00425	34	19	12	20	0
27	'	0.0015	15	2	6	7	0
27	4	0.00515	36	21	21	25	0
27	/	0.00355	30	7	12	22	0
27	.	0.0032	29	10	12	13	0
27	(	0.00085	10	1	4	2	0
27	2	0.0036	24	14	16	18	0
27	)	0.002	17	4	6	13	0
27	+	0.0016	15	2	8	7	0
27	*	0.0013	10	3	6	7	0
27	&	0.00095	12	2	2	3	0
27	!	0.0042	0	0	0	0	84
27	%	0.00045	5	1	2	1	0
28	F	0.4676	2231	2371	2473	2277	0
28	E	0.13865	693	682	661	737	0
28	G	0.07345	317	409	425	318	0
28	A	0.023	131	112	96	121	0
28	D	0.0567	329	257	260	288	0
28	C	0.03275	185	121	143	206	0
28	(	0.00125	14	3	1	7	0
28	@	0.0189	109	75	88	106	0
28	;	0.01115	74	49	44	56	0
28	8	0.00855	56	20	35	60	0
28	>	0.01515	94	64	59	86	0
28	?	0.0152	88	72	50	94	0
28	3	0.0049	36	21	14	27	0
28	5	0.0062	33	20	35	36	0
28	<	0.01045	56	51	46	56	0
28	6	0.0079	53	32	36	37	0
28	7	0.00725	50	29	25	41	0
28	B	0.03295	172	144	149	194	0
28	9	0.00935	64	35	39	49	0
28	0	0.0032	26	9	14	15	0
28	:	0.0096	68	35	41	48	0
28	!	0.00135	0	0	0	0	27
28	2	0.00405	34	13	15	19	0
28	,	0.0027	31	5	5	13	0
28	=	0.01225	76	57	42	70	0
28	4	0.0058	42	14	21	39	0
28	+	0.0019	13	9	5	11	0
28	)	0.0014	19	2	4	3	0
28	-	0.0022	19	9	12	4	0
28	1	0.0042	41	7	8	28	0
28	*	0.0016	15	2	3	12	0
28	'	0.00115	13	3	3	4	0
28	/	0.0035	19	11	16	24	0
28	.	0.00275	25	9	10	11	0
28	&	0.00075	7	2	4	2	0
28	%	0.00025	5	0	0	0	0
29	F	0.46315	2102	2467	2301	2393	0
29	C	0.03555	198	158	158	197	0
29	E	0.14105	680	680	680	781	0
29	<	0.01035	69	45	45	48	0
29	G	0.06995	310	388	373	328	0
29	;	0.01255	70	57	51	73	0
29	D	0.05815	327	262	276	298	0
29	>	0.0161	116	67	63	76	0
29	)	0.00085	10	3	3	1	0
29	1	0.0052	35	23	25	21	0
29	A	0.02315	125	97	112	129	0
29	(	0.00115	13	6	1	3	0
29	=	0.0119	71	47	66	54	0
29	?	0.0188	88	82	93	113	0
29	B	0.0308	194	130	131	161	0
29	@	0.0194	103	87	93	105	0
29	4	0.00615	40	19	33	31	0
29	0	0.0027	19	13	8	14	0
29	2	0.0037	21	18	12	23	0
29	/	0.00385	27	13	17	20	0
29	6	0.0065	42	24	27	37	0
29	9	0.00835	53	34	33	47	0
29	:	0.0102	58	38	41	67	0
29	!	0.00165	0	0	0	0	33
29	7	0.0058	38	24	28	26	0
29	8	0.0081	55	31	35	41	0
29	5	0.00635	35	33	24	35	0
29	.	0.00305	32	6	6	17	0
29	3	0.0048	37	12	18	29	0
29	&	0.0011	8	7	3	4	0
29	%	0.00035	2	0	2	3	0
29	*	0.0015	14	5	6	5	0
29	-	0.0021	17	8	11	6	0
29	+	0.00205	22	3	7	9	0
29	,	0.00245	18	10	9	12	0
29	'	0.00115	11	5	3	4	0
30	F	0.4639	2145	2446	2312	2375	0
30	E	0.14575	713	676	702	824	0
30	A	0.022	127	98	97	118	0
30	?	0.01605	86	69	70	96	0
30	D	0.05805	326	259	261	315	0
30	7	0.00705	43	36	24	38	0
30	G	0.0719	337	416	388	297	0
30	C	0.0344	205	133	161	189	0
30	4	0.00525	35	27	20	23	0
30	9	0.00825	45	37	43	40	0
30	B	0.0319	168	144	142	184	0
30	>	0.01535	88	55	71	93	0
30	0	0.00275	21	9	10	15	0
30	.	0.00265	21	5	11	16	0
30	3	0.00475	37	18	22	18	0
30	=	0.0125	69	53	58	70	0
30	1	0.0048	40	14	14	28	0
30	:	0.01	53	34	46	67	0
30	8	0.00935	63	45	36	43	0
30	@	0.01865	121	79	79	94	0
30	<	0.01085	64	46	52	55	0
30	!	0.0008	0	0	0	0	16
30	;	0.01	62	43	48	47	0
30	2	0.00335	19	12	11	25	0
30	5	0.007	45	29	29	37	0
30	6	0.00675	43	31	24	37	0
30	+	0.0015	12	8	3	7	0
30	,	0.00275	39	5	3	8	0
30	-	0.0013	12	4	4	6	0
30	/	0.00345	32	5	10	22	0
30	(	0.0015	19	4	4	3	0
30	'	0.00095	7	6	4	2	0
30	*	0.00155	14	6	5	6	0
30	&	0.00085	11	2	0	4	0
30	)	0.0017	18	3	8	5	0
30	%	0.0004	2	1	2	3	0
31	E	0.1383	704	659	634	769	0
31	@	0.0198	113	89	83	111	0
31	C	0.035	188	172	166	174	0
31	F	0.4645	2094	2423	2334	2439	0
31	D	0.0589	306	259	317	296	0
31	?	0.01665	84	69	64	116	0
31	3	0.006	37	23	23	37	0
31	9	0.00835	61	33	30	43	0
31	A	0.023	126	98	117	119	0
31	6	0.00675	41	36	33	25	0
31	G	0.0724	298	375	402	373	0
31	B	0.0334	188	135	154	191	0
31	2	0.0025	13	17	7	13	0
31	7	0.00635	41	31	22	33	0
31	;	0.0117	74	54	52	54	0
31	4	0.00425	25	17	12	31	0
31	>	0.01535	93	64	64	86	0
31	8	0.0095	49	49	30	62	0
31	=	0.01155	70	51	53	57	0
31	:	0.0094	62	42	37	47	0
31	.	0.0031	28	6	7	21	0
31	0	0.00335	19	14	13	21	0
31	5	0.0066	43	23	20	46	0
31	!	0.0029	0	0	0	0	58
31	1	0.0056	37	33	14	28	0
31	<	0.00945	53	43	38	55	0
31	,	0.0022	19	3	11	11	0
31	'	0.0009	11	1	2	4	0
31	/	0.00325	28	14	8	15	0
31	-	0.00195	16	12	6	5	0
31	)	0.00135	12	4	3	8	0
31	*	0.0016	12	7	4	9	0
31	(	0.00115	10	5	4	4	0
31	+	0.00195	16	8	9	6	0
31	&	0.001	7	1	9	3	0
32	F	0.463	2037	2385	2376	2462	0
32	C	0.03355	202	158	160	151	0
32	E	0.1413	765	637	661	763	0
32	A	0.02145	124	82	96	127	0
32	G	0.07165	301	375	449	308	0
32	;	0.01235	77	56	49	65	0
32	D	0.05525	312	238	253	302	0
32	>	0.01625	92	62	75	96	0
32	B	0.0319	163	171	123	181	0
32	=	0.01255	74	43	67	67	0
32	<	0.011	78	43	39	60	0
32	/	0.0036	30	10	18	14	0
32	+	0.00155	19	5	2	5	0
32	:	0.00915	53	37	33	60	0
32	9	0.00805	48	36	38	39	0
32	5	0.0059	40	27	22	29	0
32	8	0.0097	63	38	48	45	0
32	?	0.01755	115	57	74	105	0
32	.	0.00315	31	7	11	14	0
32	@	0.019	109	93	73	105	0
32	!	0.00325	0	0	0	0	65
32	7	0.00655	44	23	31	33	0
32	,	0.00255	24	11	7	9	0
32	6	0.00765	57	35	27	34	0
32	4	0.00635	48	26	21	32	0
32	(	0.0015	14	4	5	7	0
32	3	0.0054	49	10	21	28	0
32	-	0.00215	13	7	7	16	0
32	2	0.00265	23	8	8	14	0
32	0	0.0033	26	9	10	21	0
32	1	0.00505	37	15	19	30	0
32	&	0.00115	7	5	6	5	0
32	*	0.00175	26	4	1	4	0
32	)	0.00155	14	5	6	6	0
32	'	0.001	10	2	5	3	0
32	%	0.00025	1	0	1	3	0
33	F	0.4587	2044	2390	2410	2330	0
33	G	0.073	311	395	422	332	0
33	A	0.021	128	103	85	104	0
33	E	0.1417	715	718	676	725	0
33	>	0.0171	99	67	79	97	0
33	<	0.0105	73	44	41	52	0
33	=	0.0117	74	50	48	62	0
33	D	0.05865	332	245	264	332	0
33	C	0.0356	184	161	161	206	0
33	6	0.0074	47	29	28	44	0
33	;	0.0125	75	53	62	60	0
33	3	0.0051	31	19	27	25	0
33	9	0.00855	61	36	27	47	0
33	?	0.0174	87	74	78	109	0
33	B	0.03275	193	133	129	200	0
33	:	0.0098	52	49	37	58	0
33	1	0.0044	28	14	15	31	0
33	@	0.0203	117	88	104	97	0
33	8	0.0089	54	40	31	53	0
33	7	0.0069	38	32	30	38	0
33	!	0.0009	0	0	0	0	18
33	.	0.0024	17	7	9	15	0
33	5	0.006	43	17	22	38	0
33	4	0.0055	41	33	19	17	0
33	-	0.0023	21	7	9	9	0
33	)	0.0015	18	1	5	6	0
33	2	0.004	27	14	12	27	0
33	*	0.0019	16	5	10	7	0
33	'	0.00085	8	1	5	3	0
33	/	0.00275	17	9	14	15	0
33	+	0.0024	20	9	6	13	0
33	0	0.0027	16	6	19	13	0
33	,	0.0023	22	7	8	9	0
33	%	0.0004	5	1	0	2	0
33	&	0.00125	13	3	3	6	0
33	(	0.0009	8	2	4	4	0
34	F	0.4564	2045	2395	2386	2302	0
34	E	0.1404	716	669	665	758	0
34	A	0.02415	148	98	99	138	0
34	C	0.03615	218	157	147	201	0
34	D	0.0597	339	267	275	313	0
34	;	0.011	74	46	50	50	0
34	<	0.01155	65	43	53	70	0
34	9	0.0089	65	36	35	42	0
34	G	0.0723	353	428	377	288	0
34	/	0.00325	33	7	8	17	0
34	B	0.032	169	124	140	207	0
34	8	0.0097	65	42	27	60	0
34	:	0.01065	61	43	41	68	0
34	.	0.00335	28	8	11	20	0
34	2	0.0026	13	14	9	16	0
34	@	0.01945	121	73	91	104	0
34	?	0.01615	96	61	78	88	0
34	6	0.0078	56	24	37	39	0
34	5	0.0058	40	23	27	26	0
34	!	0.00185	0	0	0	0	37
34	>	0.0149	93	68	62	75	0
34	0	0.00325	23	16	9	17	0
34	1	0.0048	40	16	18	22	0
34	=	0.0127	68	56	57	73	0
34	7	0.00625	48	25	20	32	0
34	(	0.00165	17	4	4	8	0
34	,	0.0021	16	8	6	12	0
34	3	0.0054	36	25	18	29	0
34	)	0.0022	24	7	1	12	0
34	-	0.0022	19	7	8	10	0
34	4	0.0044	37	12	13	26	0
34	&	0.0008	7	4	3	2	0
34	+	0.00215	16	7	6	14	0
34	%	0.0007	2	3	6	3	0
34	'	0.00145	15	5	5	4	0
34	*	0.0019	12	8	6	12	0
35	;	0.01275	78	55	54	68	0
35	E	0.14365	764	690	636	783	0
35	F	0.44855	2008	2424	2268	2271	0
35	B	0.0333	190	136	147	193	0
35	D	0.05865	306	258	304	305	0
35	G	0.0755	331	395	457	327	0
35	>	0.01745	126	70	71	82	0
35	C	0.0345	220	142	155	173	0
35	:	0.01	67	36	46	51	0
35	A	0.0225	139	94	91	126	0
35	?	0.0176	97	65	90	100	0
35	<	0.01025	75	39	41	50	0
35	!	0.00125	0	0	0	0	25
35	8	0.00785	49	37	28	43	0
35	9	0.00985	60	50	36	51	0
35	@	0.01805	105	86	68	102	0
35	+	0.0019	22	3	2	11	0
35	4	0.006	51	23	19	27	0
35	/	0.0038	30	19	9	18	0
35	=	0.01205	85	32	62	62	0
35	3	0.00585	43	20	20	34	0
35	6	0.0081	42	38	37	45	0
35	2	0.0036	23	16	15	18	0
35	7	0.00765	35	41	28	49	0
35	1	0.005	41	18	14	27	0
35	,	0.00305	23	9	11	18	0
35	'	0.0011	11	5	2	4	0
35	&	0.0012	11	3	5	5	0
35	5	0.00645	42	22	28	37	0
35	.	0.0029	26	10	6	16	0
35	)	0.00135	15	5	3	4	0
35	-	0.00215	19	3	7	14	0
35	0	0.0029	20	10	16	12	0
35	*	0.0017	17	5	3	9	0
35	%	0.00025	3	0	2	0	0
35	(	0.0013	14	1	5	6	0
36	F	0.4571	2046	2443	2329	2324	0
36	?	0.01745	102	76	72	99	0
36	D	0.0577	330	238	255	331	0
36	G	0.07575	357	423	422	313	0
36	E	0.143	754	690	698	718	0
36	8	0.01045	70	51	38	50	0
36	B	0.0312	183	146	145	150	0
36	!	0.0005	0	0	0	0	10
36	;	0.0111	68	41	43	70	0
36	9	0.00775	52	29	35	39	0
36	C	0.034	201	159	130	190	0
36	>	0.01495	95	68	51	85	0
36	A	0.0235	122	113	94	141	0
36	:	0.0108	73	54	30	59	0
36	@	0.0187	101	86	89	98	0
36	7	0.00555	37	24	19	31	0
36	=	0.01245	80	44	47	78	0
36	1	0.0053	39	17	21	29	0
36	6	0.0085	54	34	33	49	0
36	<	0.01125	67	56	50	52	0
36	5	0.00545	29	25	24	31	0
36	3	0.0058	37	24	20	35	0
36	2	0.00325	25	17	8	15	0
36	-	0.00195	13	9	5	12	0
36	/	0.00275	22	5	7	21	0
36	.	0.00295	21	5	9	24	0
36	4	0.00575	28	27	18	42	0
36	%	0.0004	2	1	4	1	0
36	(	0.0016	22	2	4	4	0
36	0	0.0029	28	9	8	13	0
36	,	0.00275	22	7	9	17	0
36	)	0.0015	14	0	8	8	0
36	*	0.0015	16	7	1	6	0
36	'	0.001	10	1	2	7	0
36	&	0.00105	10	3	6	2	0
36	+	0.0024	18	5	14	11	0
37	F	0.45265	2066	2437	2288	2262	0
37	E	0.1425	733	697	673	747	0
37	B	0.0316	182	155	125	170	0
37	G	0.07585	333	430	441	313	0
37	9	0.00845	68	38	24	39	0
37	D	0.0578	318	277	241	320	0
37	<	0.0113	64	59	44	59	0
37	?	0.0197	127	83	87	97	0
37	>	0.01545	94	59	77	79	0
37	/	0.0044	35	15	13	25	0
37	@	0.01935	109	89	85	104	0
37	2	0.0038	23	19	11	23	0
37	8	0.01	71	30	39	60	0
37	)	0.00185	21	8	2	6	0
37	A	0.02265	139	100	95	119	0
37	;	0.0116	63	46	52	71	0
37	.	0.0038	28	7	16	25	0
37	=	0.01185	81	57	46	53	0
37	5	0.00665	41	24	30	38	0
37	6	0.00735	57	26	28	36	0
37	C	0.03525	218	158	141	188	0
37	:	0.0094	69	42	28	49	0
37	7	0.0061	38	29	24	31	0
37	!	0.0008	0	0	0	0	16
37	1	0.0049	43	13	19	23	0
37	4	0.00555	42	22	15	32	0
37	3	0.00535	39	22	18	28	0
37	%	0.0002	1	0	2	1	0
37	,	0.00205	17	7	10	7	0
37	-	0.00215	15	8	8	12	0
37	+	0.00205	15	8	6	12	0
37	(	0.00125	14	3	3	5	0
37	0	0.0023	19	9	3	15	0
37	'	0.0016	14	6	7	5	0
37	*	0.00155	13	3	6	9	0
37	&	0.0009	11	0	5	2	0
38	F	0.4523	2045	2384	2327	2290	0
38	=	0.0114	62	58	42	66	0
38	B	0.03225	169	119	161	196	0
38	D	0.061	348	256	288	328	0
38	G	0.07665	354	422	427	330	0
38	E	0.1423	771	628	711	736	0
38	A	0.02235	137	100	90	120	0
38	C	0.03305	190	120	155	196	0
38	?	0.0185	108	71	91	100	0
38	;	0.0104	73	39	44	52	0
38	>	0.01535	95	69	68	75	0
38	*	0.00175	23	4	2	6	0
38	8	0.009	68	30	28	54	0
38	6	0.00755	53	28	35	35	0
38	3	0.00665	44	33	17	39	0
38	0	0.0031	28	8	13	13	0
38	9	0.0088	62	26	38	50	0
38	(	0.0011	11	2	7	2	0
38	@	0.01945	117	81	87	104	0
38	<	0.01145	59	55	41	74	0
38	,	0.0024	26	5	6	11	0
38	!	0.0012	0	0	0	0	24
38	:	0.0089	51	33	44	50	0
38	5	0.0069	49	28	30	31	0
38	/	0.0041	27	13	17	25	0
38	7	0.0063	44	26	21	35	0
38	1	0.00535	38	17	15	37	0
38	2	0.0037	33	6	16	19	0
38	'	0.0017	18	4	6	6	0
38	%	0.00015	0	0	1	2	0
38	.	0.00295	23	8	10	18	0
38	4	0.00535	40	19	14	34	0
38	-	0.0021	16	11	5	10	0
38	+	0.00155	11	5	5	10	0
38	)	0.00165	13	2	8	10	0
38	&	0.0013	15	4	6	1	0
39	F	0.4512	1994	2408	2323	2299	0
39	E	0.1453	719	684	680	823	0
39	C	0.03365	199	161	144	169	0
39	B	0.0311	185	120	125	192	0
39	G	0.0767	344	439	426	325	0
39	>	0.0153	95	70	59	82	0
39	A	0.02395	163	119	93	104	0
39	D	0.06015	320	299	266	318	0
39	&	0.001	7	5	6	2	0
39	:	0.00925	51	39	35	60	0
39	?	0.01755	116	67	69	99	0
39	@	0.0195	118	87	85	100	0
39	<	0.01015	61	48	41	53	0
39	2	0.0033	25	7	12	22	0
39	;	0.0114	65	62	42	59	0
39	6	0.00755	53	27	29	42	0
39	9	0.00835	55	34	36	42	0
39	1	0.00575	36	22	19	38	0
39	4	0.00575	51	22	13	29	0
39	=	0.0111	70	41	45	66	0
39	8	0.0099	73	40	40	45	0
39	5	0.006	33	21	23	43	0
39	-	0.0017	18	5	5	6	0
39	7	0.00685	45	29	24	39	0
39	3	0.00585	49	21	17	30	0
39	*	0.00215	19	6	9	9	0
39	/	0.00375	31	9	7	28	0
39	)	0.0018	18	4	4	10	0
39	0	0.00365	29	10	9	25	0
39	.	0.0028	17	6	7	26	0
39	,	0.0025	30	7	4	9	0
39	+	0.00195	16	4	8	11	0
39	(	0.0015	16	0	5	9	0
39	'	0.00095	8	2	2	7	0
39	!	0.0002	0	0	0	0	4
39	%	0.00045	3	1	2	3	0
40	E	0.1456	765	706	666	775	0
40	F	0.4545	2049	2349	2356	2336	0
40	D	0.05875	325	267	253	330	0
40	3	0.00655	53	19	28	31	0
40	G	0.07565	329	427	422	335	0
40	B	0.03055	197	112	141	161	0
40	/	0.0045	38	13	17	22	0
40	<	0.0109	67	50	40	61	0
40	@	0.01935	107	80	86	114	0
40	>	0.01415	82	61	65	75	0
40	8	0.0087	58	38	32	46	0
40	C	0.0337	196	162	140	176	0
40	?	0.0175	119	76	64	91	0
40	=	0.01195	78	41	58	62	0
40	,	0.0022	17	8	6	13	0
40	2	0.0029	31	6	16	5	0
40	;	0.01075	67	41	48	59	0
40	1	0.00575	40	21	19	35	0
40	:	0.00965	52	45	47	49	0
40	9	0.0088	59	33	37	47	0
40	A	0.0234	128	104	102	134	0
40	.	0.0038	26	10	19	21	0
40	4	0.00565	34	28	20	31	0
40	7	0.0059	41	27	25	25	0
40	!	0.0024	0	0	0	0	48
40	'	0.00175	20	3	6	6	0
40	6	0.0072	42	20	32	50	0
40	0	0.00275	14	13	10	18	0
40	(	0.00155	15	6	3	7	0
40	5	0.0056	45	17	18	32	0
40	-	0.00165	11	4	5	13	0
40	*	0.0013	13	2	7	4	0
40	&	0.00085	9	4	2	2	0
40	+	0.00205	19	5	4	13	0
40	%	0.00045	4	0	2	3	0
40	)	0.0013	10	4	6	6	0
41	F	0.4557	2046	2410	2335	2323	0
41	E	0.14015	714	649	655	785	0
41	9	0.00905	60	39	32	50	0
41	7	0.00695	46	22	26	45	0
41	?	0.0169	97	75	68	98	0
41	G	0.0732	294	457	417	296	0
41	C	0.03345	194	150	151	174	0
41	:	0.0106	61	48	40	63	0
41	B	0.0311	161	147	123	191	0
41	>	0.01675	87	73	78	97	0
41	;	0.0118	89	42	38	67	0
41	D	0.0585	344	233	267	326	0
41	6	0.0085	59	30	30	51	0
41	2	0.00395	21	13	15	30	0
41	A	0.02145	132	91	101	105	0
41	=	0.0127	84	52	53	65	0
41	@	0.01985	117	68	95	117	0
41	<	0.00995	61	36	46	56	0
41	8	0.0091	64	29	40	49	0
41	4	0.00555	38	22	24	27	0
41	5	0.0066	54	22	20	36	0
41	0	0.00305	22	13	8	18	0
41	3	0.0056	43	15	23	31	0
41	-	0.00215	21	6	8	8	0
41	/	0.00415	40	14	14	15	0
41	!	0.0008	0	0	0	0	16
41	1	0.00595	42	18	24	35	0
41	(	0.0014	16	2	3	7	0
41	.	0.0031	26	7	14	15	0
41	+	0.00255	23	6	7	15	0
41	)	0.00125	8	1	4	12	0
41	'	0.00145	18	1	4	6	0
41	,	0.0029	19	9	14	16	0
41	*	0.0022	21	4	4	15	0
41	&	0.0011	11	5	5	1	0
41	%	0.00055	6	2	2	1	0
42	F	0.4531	1955	2435	2402	2270	0
42	E	0.1409	687	658	678	795	0
42	D	0.05695	315	266	243	315	0
42	?	0.01795	113	71	79	96	0
42	C	0.0352	203	162	147	192	0
42	G	0.0765	334	447	415	334	0
42	B	0.0335	183	163	138	186	0
42	+	0.00245	20	8	8	13	0
42	2	0.004	23	18	12	27	0
42	<	0.0101	57	50	43	52	0
42	A	0.02255	122	117	95	117	0
42	4	0.00495	42	10	23	24	0
42	;	0.0115	67	55	46	62	0
42	@	0.0188	87	86	94	109	0
42	:	0.00945	49	56	36	48	0
42	6	0.00805	56	29	31	45	0
42	)	0.00155	12	3	7	9	0
42	7	0.0073	39	26	39	42	0
42	8	0.00875	43	36	40	56	0
42	=	0.0125	77	58	57	58	0
42	>	0.0157	98	61	65	90	0
42	9	0.00765	44	35	33	41	0
42	5	0.00605	38	24	24	35	0
42	!	0.0022	0	0	0	0	44
42	.	0.00345	32	6	9	22	0
42	&	0.0015	12	12	3	3	0
42	0	0.00345	18	14	18	19	0
42	1	0.00485	40	17	12	28	0
42	,	0.0023	23	9	7	7	0
42	-	0.00245	22	11	7	9	0
42	3	0.0054	34	17	19	38	0
42	'	0.0009	7	2	3	6	0
42	/	0.0039	32	9	17	20	0
42	%	0.00065	7	1	2	3	0
42	(	0.00195	15	6	7	11	0
42	*	0.00155	18	6	3	4	0
43	F	0.45345	2023	2425	2349	2272	0
43	G	0.07985	349	434	457	357	0
43	8	0.0099	58	44	42	54	0
43	C	0.03515	189	171	159	184	0
43	E	0.13675	711	665	640	719	0
43	=	0.0121	77	46	51	68	0
43	B	0.0334	191	151	156	170	0
43	D	0.0578	332	244	276	304	0
43	<	0.0116	67	51	48	66	0
43	A	0.0217	118	101	110	105	0
43	?	0.01595	106	71	60	82	0
43	7	0.0073	56	19	33	38	0
43	>	0.0182	118	70	83	93	0
43	;	0.01175	70	47	60	58	0
43	1	0.00525	34	18	22	31	0
43	@	0.019	121	83	84	92	0
43	!	0.00195	0	0	0	0	39
43	:	0.00915	54	42	36	51	0
43	5	0.00555	35	27	25	24	0
43	2	0.0037	21	15	15	23	0
43	/	0.00315	23	9	7	24	0
43	*	0.00175	12	6	11	6	0
43	6	0.0075	41	40	31	38	0
43	3	0.0062	38	21	26	39	0
43	9	0.0079	52	25	32	49	0
43	(	0.0014	18	1	3	6	0
43	0	0.00295	20	12	9	18	0
43	,	0.00245	18	7	10	14	0
43	'	0.00145	17	4	1	7	0
43	4	0.00515	37	20	19	27	0
43	+	0.00225	14	8	7	16	0
43	.	0.00355	31	13	9	18	0
43	&	0.0013	10	4	6	6	0
43	-	0.00165	15	6	5	7	0
43	)	0.0014	16	1	4	7	0
43	%	0.00045	4	1	1	3	0
44	F	0.4451	2030	2313	2298	2261	0
44	E	0.1461	747	684	704	787	0
44	=	0.01375	90	53	61	71	0
44	B	0.03275	211	125	140	179	0
44	G	0.07495	335	387	413	364	0
44	A	0.02215	143	79	100	121	0
44	;	0.01245	74	48	55	72	0
44	D	0.05825	311	258	288	308	0
44	C	0.0347	185	170	151	188	0
44	@	0.01945	102	92	87	108	0
44	)	0.00235	23	3	8	13	0
44	8	0.0101	57	39	49	57	0
44	?	0.0185	123	65	94	88	0
44	2	0.0039	21	10	20	27	0
44	7	0.0071	52	29	25	36	0
44	<	0.01155	76	51	43	61	0
44	/	0.00385	27	16	12	22	0
44	4	0.0065	49	29	15	37	0
44	6	0.0076	39	24	36	53	0
44	:	0.01035	72	40	45	50	0
44	5	0.0051	31	27	16	28	0
44	!	0.0008	0	0	0	0	16
44	>	0.0141	85	72	58	67	0
44	-	0.00245	11	13	10	15	0
44	3	0.0063	48	21	25	32	0
44	'	0.00105	11	4	3	3	0
44	1	0.00445	37	20	8	24	0
44	0	0.0031	25	11	10	16	0
44	9	0.00845	55	34	31	49	0
44	.	0.0034	29	9	14	16	0
44	&	0.00125	6	3	10	6	0
44	,	0.002	19	7	2	12	0
44	(	0.0013	11	3	6	6	0
44	+	0.0025	21	8	15	6	0
44	*	0.00175	19	5	3	8	0
44	%	0.00055	6	1	1	3	0
45	F	0.44995	1950	2388	2356	2305	0
45	E	0.14275	731	694	698	732	0
45	G	0.07785	318	437	463	339	0
45	D	0.0598	297	278	269	352	0
45	B	0.0322	190	142	125	187	0
45	3	0.0051	33	24	24	21	0
45	C	0.0338	207	152	151	166	0
45	0	0.00325	17	18	10	20	0
45	<	0.01065	59	45	39	70	0
45	4	0.0064	40	26	20	42	0
45	&	0.0011	3	8	4	7	0
45	?	0.0159	91	72	70	85	0
45	;	0.0139	100	56	54	68	0
45	2	0.0042	20	21	20	23	0
45	>	0.015	91	65	71	73	0
45	A	0.0241	142	98	109	133	0
45	.	0.0029	26	10	9	13	0
45	,	0.00365	32	10	8	23	0
45	@	0.0187	90	78	88	118	0
45	1	0.0053	44	18	21	23	0
45	5	0.00635	42	24	30	31	0
45	(	0.0016	9	1	10	12	0
45	!	0.0007	0	0	0	0	14
45	7	0.00625	32	21	26	46	0
45	=	0.01135	75	50	40	62	0
45	6	0.00745	51	30	28	40	0
45	:	0.00985	61	49	36	51	0
45	)	0.00195	16	6	5	12	0
45	9	0.0074	54	32	27	35	0
45	8	0.0094	58	47	32	51	0
45	/	0.0032	26	8	14	16	0
45	-	0.0027	23	6	6	19	0
45	+	0.0018	22	4	4	6	0
45	*	0.0018	14	8	5	9	0
45	%	0.00055	5	3	1	2	0
45	'	0.00115	9	4	4	6	0
46	F	0.4486	2052	2345	2336	2239	0
46	G	0.0744	354	399	410	325	0
46	5	0.00545	40	25	19	25	0
46	?	0.01885	117	81	81	98	0
46	D	0.06035	331	294	252	330	0
46	7	0.00725	48	30	33	34	0
46	@	0.01845	105	90	73	101	0
46	E	0.14155	746	653	677	755	0
46	>	0.01765	98	71	95	89	0
46	<	0.01165	64	45	58	66	0
46	4	0.0058	45	17	31	23	0
46	C	0.036	186	155	154	225	0
46	:	0.011	74	40	48	58	0
46	=	0.0126	81	46	55	70	0
46	A	0.02335	142	103	103	119	0
46	B	0.0303	181	122	136	167	0
46	0	0.00355	33	10	12	16	0
46	9	0.00825	49	29	39	48	0
46	;	0.0103	72	43	40	51	0
46	8	0.00975	63	45	33	54	0
46	.	0.003	27	9	8	16	0
46	(	0.0012	12	1	3	8	0
46	6	0.00815	55	37	31	40	0
46	1	0.00485	29	22	18	28	0
46	)	0.002	11	8	5	16	0
46	2	0.00395	27	21	13	18	0
46	,	0.0024	20	8	4	16	0
46	3	0.00535	38	22	15	32	0
46	/	0.0035	28	13	7	22	0
46	-	0.00245	21	6	13	9	0
46	+	0.0024	24	7	6	11	0
46	&	0.0011	8	3	6	5	0
46	*	0.00155	10	5	6	10	0
46	'	0.00165	20	3	3	7	0
46	!	0.00065	0	0	0	0	13
46	%	0.0007	5	2	4	3	0
47	F	0.4489	2064	2347	2245	2322	0
47	'	0.0013	11	4	7	4	0
47	E	0.1405	781	636	629	764	0
47	G	0.08205	370	433	476	362	0
47	D	0.0584	321	283	249	315	0
47	?	0.0149	104	66	64	64	0
47	A	0.02435	143	132	100	112	0
47	0	0.00415	33	17	16	17	0
47	9	0.00885	54	48	34	41	0
47	;	0.01275	84	52	44	75	0
47	(	0.0018	23	4	3	6	0
47	1	0.00555	44	24	13	30	0
47	C	0.03355	214	129	144	184	0
47	<	0.0102	59	53	39	53	0
47	+	0.0026	25	11	4	12	0
47	B	0.03195	210	126	131	172	0
47	-	0.0023	13	5	12	16	0
47	5	0.00625	35	26	28	36	0
47	=	0.01235	77	51	48	71	0
47	7	0.00565	40	27	23	23	0
47	@	0.02025	124	101	77	103	0
47	3	0.0058	38	26	20	32	0
47	8	0.00905	64	42	34	41	0
47	!	0.00195	0	0	0	0	39
47	&	0.00105	9	4	2	6	0
47	:	0.00815	44	36	28	55	0
47	6	0.0067	46	28	24	36	0
47	>	0.0154	88	74	69	77	0
47	4	0.00635	49	20	24	34	0
47	/	0.0034	30	11	7	20	0
47	)	0.00175	18	5	4	8	0
47	,	0.002	14	7	5	14	0
47	2	0.004	38	17	15	10	0
47	.	0.00315	28	7	12	16	0
47	*	0.002	23	2	7	8	0
47	%	0.00065	7	1	3	2	0
48	F	0.4499	1958	2496	2280	2264	0
48	C	0.0344	209	133	152	194	0
48	D	0.05865	318	257	280	318	0
48	G	0.08215	341	484	419	399	0
48	9	0.00905	55	37	36	53	0
48	>	0.01475	93	59	63	80	0
48	;	0.012	86	44	51	59	0
48	=	0.01275	86	53	42	74	0
48	E	0.14025	758	661	641	745	0
48	@	0.0203	92	94	92	128	0
48	:	0.01	58	34	50	58	0
48	8	0.0089	57	34	36	51	0
48	<	0.01085	53	52	51	61	0
48	?	0.01685	96	72	86	83	0
48	B	0.0314	190	134	125	179	0
48	6	0.0087	66	34	38	36	0
48	3	0.00535	45	18	11	33	0
48	A	0.0219	129	101	96	112	0
48	4	0.0057	37	22	17	38	0
48	7	0.00575	45	20	26	24	0
48	!	0.0005	0	0	0	0	10
48	5	0.0059	36	26	28	28	0
48	.	0.00295	23	13	11	12	0
48	%	0.0006	6	0	4	2	0
48	2	0.0039	34	19	9	16	0
48	/	0.00435	36	18	13	20	0
48	0	0.00275	25	8	10	12	0
48	,	0.0025	24	9	7	10	0
48	)	0.0013	11	5	4	6	0
48	&	0.00135	10	4	6	7	0
48	+	0.00225	19	6	10	10	0
48	1	0.00485	34	14	22	27	0
48	-	0.00265	26	5	7	15	0
48	(	0.00125	8	2	7	8	0
48	*	0.0018	18	3	8	7	0
48	'	0.0015	12	2	13	3	0
49	E	0.14255	762	658	649	782	0
49	F	0.448	2004	2351	2262	2343	0
49	<	0.01155	67	55	48	61	0
49	@	0.01905	110	92	90	89	0
49	C	0.03375	203	128	161	183	0
49	G	0.0793	349	423	455	359	0
49	B	0.03075	194	139	125	157	0
49	>	0.01585	91	67	63	96	0
49	D	0.06105	334	298	273	316	0
49	;	0.01115	71	42	51	59	0
49	A	0.0237	136	110	103	125	0
49	3	0.00575	39	29	18	29	0
49	7	0.00575	33	29	27	26	0
49	9	0.00835	49	30	41	47	0
49	=	0.01255	80	46	56	69	0
49	:	0.0095	65	42	33	50	0
49	?	0.0164	101	60	77	90	0
49	6	0.00785	42	31	35	49	0
49	8	0.00995	72	36	41	50	0
49	5	0.0061	39	20	19	44	0
49	*	0.00215	17	5	9	12	0
49	4	0.00635	36	30	21	40	0
49	-	0.00245	19	5	12	13	0
49	0	0.00345	23	15	17	14	0
49	.	0.00315	33	7	8	15	0
49	1	0.0042	31	11	8	34	0
49	2	0.0044	43	11	14	20	0
49	%	0.00085	10	2	3	2	0
49	)	0.0021	11	10	10	11	0
49	&	0.00135	9	4	8	6	0
49	'	0.00185	15	6	7	9	0
49	/	0.00345	28	11	14	16	0
49	,	0.00215	17	8	11	7	0
49	+	0.00125	11	4	4	6	0
49	(	0.0018	19	0	4	13	0
49	!	0.00015	0	0	0	0	3
50	F	0.4361	1943	2173	2305	2301	0
50	>	0.01725	107	78	76	84	0
50	E	0.1403	737	653	625	791	0
50	=	0.01215	89	49	58	47	0
50	A	0.0231	146	87	103	126	0
50	B	0.0338	180	149	155	192	0
50	G	0.0842	380	460	468	376	0
50	C	0.03625	233	134	153	205	0
50	D	0.05975	339	275	250	331	0
50	6	0.00775	39	33	43	40	0
50	?	0.01615	98	61	69	95	0
50	<	0.01185	65	63	53	56	0
50	5	0.00645	32	28	31	38	0
50	9	0.00905	53	40	44	44	0
50	;	0.01105	54	53	46	68	0
50	@	0.01875	103	77	92	103	0
50	3	0.0066	48	25	22	37	0
50	8	0.00935	64	37	28	58	0
50	)	0.0026	28	4	10	10	0
50	7	0.00715	44	31	26	42	0
50	/	0.00365	39	11	8	15	0
50	4	0.0056	34	16	24	38	0
50	2	0.0029	20	16	9	13	0
50	0	0.0035	29	14	14	13	0
50	&	0.0012	13	3	4	4	0
50	,	0.0031	28	10	9	15	0
50	:	0.00835	54	33	38	42	0
50	!	0.0031	0	0	0	0	62
50	*	0.0021	20	6	3	13	0
50	-	0.00225	15	6	9	15	0
50	(	0.0018	9	10	7	10	0
50	1	0.00505	34	19	15	33	0
50	+	0.00255	23	10	5	13	0
50	'	0.0019	17	5	7	9	0
50	%	0.00045	2	0	5	2	0
50	.	0.00285	19	10	16	12	0
51	9	0.00965	67	43	34	49	0
51	F	0.44375	1950	2401	2265	2259	0
51	7	0.00645	39	29	24	37	0
51	G	0.0799	338	470	439	351	0
51	E	0.143	705	733	644	778	0
51	A	0.025	144	114	108	134	0
51	@	0.01815	109	75	82	97	0
51	<	0.01065	75	45	43	50	0
51	B	0.03135	164	135	155	173	0
51	:	0.0095	57	53	44	36	0
51	D	0.0569	299	281	231	327	0
51	;	0.01155	76	41	45	69	0
51	C	0.0357	220	166	162	166	0
51	?	0.0156	85	80	73	74	0
51	5	0.00725	42	29	32	42	0
51	>	0.01375	83	61	46	85	0
51	4	0.0055	41	19	18	32	0
51	(	0.00165	16	5	7	5	0
51	=	0.014	92	49	74	65	0
51	&	0.00175	18	4	9	4	0
51	!	0.00165	0	0	0	0	33
51	8	0.01045	70	47	41	51	0
51	2	0.00455	31	16	15	29	0
51	6	0.0077	58	36	25	35	0
51	,	0.003	24	11	14	11	0
51	1	0.00585	45	22	20	30	0
51	.	0.0036	18	16	15	23	0
51	+	0.00215	20	3	10	10	0
51	'	0.00105	10	2	6	3	0
51	3	0.00605	59	18	15	29	0
51	/	0.00375	34	8	12	21	0
51	-	0.00225	23	6	11	5	0
51	0	0.0025	17	9	9	15	0
51	*	0.00215	19	7	8	9	0
51	)	0.0015	15	2	6	7	0
51	%	0.00075	5	5	4	1	0
52	D	0.05705	326	246	292	277	0
52	F	0.44715	2033	2287	2333	2290	0
52	C	0.0371	219	160	161	202	0
52	A	0.02155	133	95	85	118	0
52	E	0.14185	724	687	665	761	0
52	B	0.0312	163	141	160	160	0
52	G	0.0812	369	434	468	353	0
52	@	0.01995	122	92	84	101	0
52	>	0.0166	100	72	75	85	0
52	?	0.01655	95	67	84	85	0
52	8	0.00945	61	33	43	52	0
52	:	0.0091	59	40	34	49	0
52	6	0.00815	50	35	37	41	0
52	1	0.0044	31	13	15	29	0
52	<	0.0106	58	60	42	52	0
52	;	0.0116	73	49	39	71	0
52	9	0.00825	37	35	39	54	0
52	5	0.00665	41	28	24	40	0
52	2	0.0042	24	21	22	17	0
52	)	0.00185	14	5	7	11	0
52	0	0.00385	25	11	13	28	0
52	7	0.00675	53	35	24	23	0
52	=	0.0121	66	46	48	82	0
52	(	0.00185	12	8	9	8	0
52	,	0.0026	28	4	4	16	0
52	4	0.0065	40	31	27	32	0
52	-	0.0022	20	7	9	8	0
52	!	0.00055	0	0	0	0	11
52	.	0.00315	25	12	13	13	0
52	3	0.0051	40	19	20	23	0
52	+	0.00225	22	5	6	12	0
52	*	0.0017	16	5	4	9	0
52	&	0.0013	14	1	6	5	0
52	/	0.00405	32	13	17	19	0
52	'	0.00115	10	4	2	7	0
52	%	0.00045	2	3	1	3	0
53	F	0.44445	1960	2318	2258	2353	0
53	G	0.0807	348	424	459	383	0
53	5	0.0061	37	18	40	27	0
53	E	0.13735	719	656	614	758	0
53	C	0.03705	223	154	163	201	0
53	?	0.0168	92	61	86	97	0
53	D	0.05895	357	255	267	300	0
53	9	0.00775	49	36	28	42	0
53	6	0.0084	46	33	39	50	0
53	7	0.00675	48	22	32	33	0
53	+	0.00195	16	6	8	9	0
53	A	0.0242	148	111	110	115	0
53	:	0.00925	57	36	48	44	0
53	)	0.0023	23	3	5	15	0
53	;	0.01285	85	54	50	68	0
53	@	0.0196	115	77	89	111	0
53	B	0.0314	182	122	139	185	0
53	4	0.0062	47	20	25	32	0
53	>	0.0159	103	60	68	87	0
53	8	0.00835	51	39	33	44	0
53	3	0.0057	48	12	24	30	0
53	<	0.0112	57	53	55	59	0
53	=	0.0128	65	60	62	69	0
53	(	0.00195	16	3	6	14	0
53	!	0.00105	0	0	0	0	21
53	1	0.0055	38	20	22	30	0
53	.	0.0038	24	14	19	19	0
53	-	0.0021	17	7	7	11	0
53	0	0.00405	34	18	13	16	0
53	/	0.0036	33	12	11	16	0
53	2	0.0032	17	14	13	20	0
53	'	0.0018	17	5	6	8	0
53	&	0.0019	19	3	11	5	0
53	*	0.00135	10	4	7	6	0
53	%	0.001	7	5	5	3	0
53	,	0.0027	18	11	12	13	0
54	F	0.4425	2007	2324	2247	2272	0
54	G	0.08705	405	444	492	400	0
54	B	0.03115	153	143	146	181	0
54	E	0.13815	730	639	677	717	0
54	C	0.03445	190	156	149	194	0
54	?	0.0153	85	78	56	87	0
54	=	0.012	83	56	45	56	0
54	@	0.0201	134	78	83	107	0
54	6	0.00705	52	28	20	41	0
54	;	0.0108	61	46	45	64	0
54	4	0.00625	44	22	21	38	0
54	7	0.00695	39	38	30	32	0
54	A	0.0231	114	111	107	130	0
54	D	0.059	339	279	258	304	0
54	8	0.01035	68	42	46	51	0
54	:	0.00975	66	39	36	54	0
54	>	0.01685	100	65	82	90	0
54	3	0.0058	44	21	21	30	0
54	!	0.0019	0	0	0	0	38
54	5	0.00535	29	18	24	36	0
54	9	0.0088	56	37	38	45	0
54	.	0.0031	20	14	13	15	0
54	2	0.004	36	15	10	19	0
54	0	0.00415	39	10	7	27	0
54	<	0.01145	70	50	44	65	0
54	(	0.00175	18	6	6	5	0
54	,	0.00295	25	11	10	13	0
54	&	0.0012	10	5	5	4	0
54	%	0.00075	4	2	2	7	0
54	1	0.0046	39	13	19	21	0
54	*	0.00185	12	5	7	13	0
54	/	0.00325	27	11	16	11	0
54	'	0.00145	14	7	2	6	0
54	)	0.00225	20	3	8	14	0
54	-	0.00215	13	12	6	12	0
54	+	0.00245	24	4	9	12	0
55	D	0.0595	319	271	284	316	0
55	G	0.0835	385	482	449	354	0
55	*	0.0023	21	10	7	8	0
55	F	0.4395	1912	2354	2259	2265	0
55	=	0.01165	80	49	48	56	0
55	E	0.14295	710	720	652	777	0
55	>	0.0157	81	75	84	74	0
55	A	0.0227	137	97	104	116	0
55	9	0.0079	54	30	32	42	0
55	1	0.0058	46	20	17	33	0
55	7	0.00615	39	24	20	40	0
55	C	0.03595	207	147	176	189	0
55	?	0.0168	99	61	83	93	0
55	<	0.0124	82	56	50	60	0
55	@	0.0202	123	103	70	108	0
55	;	0.0124	84	48	46	70	0
55	B	0.03095	172	126	140	181	0
55	/	0.00395	23	12	20	24	0
55	(	0.00185	18	9	6	4	0
55	5	0.006	37	29	15	39	0
55	4	0.00555	36	15	21	39	0
55	:	0.00915	59	27	50	47	0
55	!	0.0015	0	0	0	0	30
55	8	0.00865	45	42	32	54	0
55	6	0.0084	59	29	30	50	0
55	.	0.003	31	10	8	11	0
55	0	0.00315	22	17	12	12	0
55	3	0.0049	42	17	17	22	0
55	2	0.0037	27	18	15	14	0
55	,	0.00335	28	14	7	18	0
55	+	0.0026	20	5	12	15	0
55	&	0.00135	10	3	5	9	0
55	-	0.00215	18	5	11	9	0
55	'	0.0021	18	10	4	10	0
55	)	0.0017	17	5	3	9	0
55	%	0.0006	4	3	3	2	0
56	F	0.4366	1921	2293	2244	2274	0
56	B	0.0313	195	128	131	172	0
56	?	0.01745	93	83	84	89	0
56	G	0.0838	366	453	490	367	0
56	E	0.1388	746	641	678	711	0
56	@	0.01995	130	82	90	97	0
56	A	0.0219	127	101	95	115	0
56	C	0.0363	205	150	160	211	0
56	<	0.01075	63	50	51	51	0
56	7	0.00725	44	30	30	41	0
56	D	0.0596	313	268	276	335	0
56	6	0.00765	46	33	28	46	0
56	:	0.01005	62	49	34	56	0
56	-	0.0027	30	8	8	8	0
56	>	0.0169	99	82	77	80	0
56	!	0.00215	0	0	0	0	43
56	4	0.00565	32	25	25	31	0
56	2	0.0043	38	12	14	22	0
56	;	0.01195	68	41	56	74	0
56	9	0.00875	65	26	42	42	0
56	5	0.00715	58	26	23	36	0
56	=	0.01235	72	52	50	73	0
56	8	0.0104	65	40	52	51	0
56	)	0.00245	19	6	13	11	0
56	1	0.00465	38	14	16	25	0
56	'	0.00175	12	8	8	7	0
56	/	0.0042	36	18	12	18	0
56	3	0.0062	59	20	18	27	0
56	(	0.002	14	10	7	9	0
56	0	0.00295	15	15	12	17	0
56	+	0.0021	14	9	6	13	0
56	*	0.0021	20	4	6	12	0
56	,	0.00315	24	11	12	16	0
56	.	0.0027	24	6	8	16	0
56	&	0.00165	12	5	8	8	0
56	%	0.0004	3	1	2	2	0
57	F	0.44165	1906	2491	2213	2223	0
57	E	0.1401	715	678	696	713	0
57	?	0.01805	121	75	72	93	0
57	B	0.02955	167	128	143	153	0
57	C	0.03665	213	140	177	203	0
57	G	0.08295	368	464	436	391	0
57	@	0.0202	117	83	92	112	0
57	A	0.0238	137	108	108	123	0
57	;	0.0103	79	42	39	46	0
57	5	0.0055	43	15	19	33	0
57	=	0.01245	73	51	54	71	0
57	D	0.06025	346	286	275	298	0
57	+	0.003	24	12	10	14	0
57	2	0.00375	20	11	14	30	0
57	:	0.0096	59	38	40	55	0
57	4	0.0057	33	21	25	35	0
57	1	0.0051	38	11	22	31	0
57	<	0.0116	60	53	49	70	0
57	9	0.00795	46	32	36	45	0
57	8	0.0095	57	40	39	54	0
57	(	0.00205	24	8	4	5	0
57	.	0.0027	26	11	9	8	0
57	&	0.0015	10	7	6	7	0
57	7	0.00645	45	36	20	28	0
57	3	0.0057	40	28	16	30	0
57	*	0.0022	19	7	8	10	0
57	>	0.01485	84	65	52	96	0
57	6	0.0078	58	28	27	43	0
57	'	0.0021	26	5	8	3	0
57	0	0.0033	30	8	11	17	0
57	-	0.0033	29	7	11	19	0
57	/	0.00345	34	13	13	9	0
57	)	0.00195	14	5	12	8	0
57	!	0.0021	0	0	0	0	42
57	,	0.00245	21	7	6	15	0
57	%	0.00045	2	3	2	2	0
58	>	0.0165	110	66	57	97	0
58	E	0.1376	736	624	644	748	0
58	A	0.0217	128	97	96	113	0
58	B	0.03285	195	141	139	182	0
58	F	0.4428	1933	2417	2275	2231	0
58	<	0.01195	90	53	40	56	0
58	G	0.0817	362	469	440	363	0
58	=	0.0142	82	61	62	79	0
58	C	0.03585	225	143	154	195	0
58	;	0.0116	77	61	45	49	0
58	D	0.06015	326	259	288	330	0
58	?	0.01505	72	65	68	96	0
58	@	0.0201	122	102	87	91	0
58	9	0.00945	62	40	41	46	0
58	:	0.00995	55	45	52	47	0
58	3	0.0056	41	25	11	35	0
58	0	0.0035	21	13	16	20	0
58	!	0.0005	0	0	0	0	10
58	8	0.00955	70	33	42	46	0
58	7	0.00665	43	33	32	25	0
58	)	0.0017	12	5	7	10	0
58	'	0.0017	13	9	7	5	0
58	1	0.0058	31	25	27	33	0
58	4	0.00575	37	18	31	29	0
58	6	0.0082	56	36	30	42	0
58	/	0.0031	25	8	14	15	0
58	2	0.0034	18	15	19	16	0
58	.	0.0034	21	9	15	23	0
58	5	0.0066	55	21	20	36	0
58	&	0.0018	17	4	9	6	0
58	-	0.00225	16	11	7	11	0
58	*	0.00165	16	6	6	5	0
58	,	0.0028	27	9	9	11	0
58	(	0.0018	15	3	9	9	0
58	+	0.0022	18	6	7	13	0
58	%	0.0006	5	2	3	2	0
59	D	0.06275	353	254	316	332	0
59	F	0.4381	1960	2305	2247	2250	0
59	G	0.08035	379	432	412	384	0
59	<	0.013	79	56	45	80	0
59	9	0.0079	52	25	37	44	0
59	B	0.0311	185	127	153	157	0
59	:	0.0095	65	39	41	45	0
59	E	0.1411	735	638	690	759	0
59	?	0.01645	106	58	76	89	0
59	C	0.03585	216	170	161	170	0
59	=	0.01185	68	52	48	69	0
59	@	0.01975	127	88	85	95	0
59	5	0.0061	42	19	22	39	0
59	/	0.00385	32	14	10	21	0
59	A	0.02275	143	113	92	107	0
59	3	0.00595	35	23	30	31	0
59	>	0.01715	110	65	70	98	0
59	6	0.0083	54	31	40	41	0
59	)	0.0029	22	15	10	11	0
59	;	0.0103	64	44	49	49	0
59	8	0.0084	45	33	32	58	0
59	!	0.00165	0	0	0	0	33
59	4	0.0059	43	22	19	34	0
59	0	0.00295	25	13	7	14	0
59	.	0.0035	22	16	13	19	0
59	7	0.0069	36	22	35	45	0
59	2	0.004	34	16	7	23	0
59	,	0.00285	28	10	9	10	0
59	-	0.0022	24	5	6	9	0
59	1	0.00545	46	14	22	27	0
59	(	0.00205	13	8	7	13	0
59	*	0.0021	20	6	9	7	0
59	'	0.00215	19	7	8	9	0
59	+	0.00235	23	6	10	8	0
59	%	0.0007	6	1	1	6	0
59	&	0.00185	14	6	9	8	0
60	F	0.43605	1860	2395	2235	2231	0
60	E	0.1403	711	684	669	742	0
60	=	0.0116	75	53	43	61	0
60	.	0.0037	33	10	6	25	0
60	?	0.0157	91	61	67	95	0
60	G	0.0831	353	483	462	364	0
60	1	0.0045	38	18	18	16	0
60	D	0.0591	329	285	259	309	0
60	B	0.03275	174	144	133	204	0
60	<	0.01035	65	52	42	48	0
60	>	0.01525	77	57	78	93	0
60	C	0.0355	232	158	124	196	0
60	6	0.00805	47	34	33	47	0
60	2	0.0031	20	11	17	14	0
60	:	0.0104	60	48	50	50	0
60	@	0.02075	134	74	84	123	0
60	,	0.00285	33	8	5	11	0
60	A	0.0257	165	109	114	126	0
60	7	0.0071	52	20	39	31	0
60	3	0.00545	34	18	28	29	0
60	8	0.0089	54	41	40	43	0
60	!	0.0009	0	0	0	0	18
60	&	0.0016	8	7	6	11	0
60	9	0.0105	58	32	50	70	0
60	4	0.00645	45	32	23	29	0
60	0	0.00335	25	12	12	18	0
60	/	0.0038	22	10	20	24	0
60	;	0.0119	74	46	58	60	0
60	5	0.00595	36	21	25	37	0
60	-	0.00265	13	16	10	14	0
60	+	0.0028	23	12	7	14	0
60	'	0.00235	19	8	9	11	0
60	*	0.00225	22	4	11	8	0
60	)	0.0021	21	2	6	13	0
60	(	0.0022	20	4	10	10	0
60	%	0.001	5	4	5	6	0
61	F	0.4337	1918	2329	2242	2185	0
61	E	0.13745	745	667	652	685	0
61	;	0.0109	76	48	42	52	0
61	G	0.0833	383	466	462	355	0
61	D	0.0574	320	260	275	293	0
61	>	0.01645	95	78	64	92	0
61	C	0.0362	207	157	172	188	0
61	.	0.00405	33	7	14	27	0
61	7	0.0061	33	28	22	39	0
61	!	0.0057	0	0	0	0	114
61	-	0.00305	24	9	15	13	0
61	?	0.01815	106	79	83	95	0
61	B	0.0315	179	145	138	168	0
61	A	0.0239	141	113	100	124	0
61	=	0.01085	68	43	42	64	0
61	8	0.00945	62	39	39	49	0
61	:	0.00985	65	39	38	55	0
61	<	0.0118	84	57	50	45	0
61	@	0.02105	124	88	92	117	0
61	6	0.0072	52	30	28	34	0
61	2	0.0042	35	13	18	18	0
61	5	0.0063	36	25	25	40	0
61	,	0.0036	27	9	16	20	0
61	9	0.00855	45	38	31	57	0
61	1	0.005	40	21	22	17	0
61	/	0.00415	26	11	11	35	0
61	+	0.00275	24	11	8	12	0
61	4	0.00685	50	27	28	32	0
61	0	0.00335	17	14	17	19	0
61	*	0.00245	26	4	12	7	0
61	3	0.0053	36	23	20	27	0
61	)	0.0021	19	6	4	13	0
61	'	0.00245	22	9	8	10	0
61	(	0.0021	17	9	7	9	0
61	&	0.00185	11	7	12	7	0
61	%	0.00095	9	0	7	3	0
62	F	0.42945	1878	2262	2235	2214	0
62	E	0.14205	757	626	693	765	0
62	G	0.0826	369	473	448	362	0
62	7	0.00705	56	30	27	28	0
62	D	0.05915	339	251	300	293	0
62	9	0.00715	50	24	32	37	0
62	8	0.00875	56	35	41	43	0
62	@	0.02205	138	102	81	120	0
62	C	0.0369	192	157	170	219	0
62	?	0.0172	108	53	77	106	0
62	0	0.0039	33	13	11	21	0
62	6	0.008	43	32	36	49	0
62	>	0.01615	95	71	86	71	0
62	;	0.0116	73	36	56	67	0
62	+	0.00245	19	9	9	12	0
62	5	0.0062	38	28	28	30	0
62	B	0.03165	180	131	155	167	0
62	A	0.02475	134	121	113	127	0
62	,	0.0034	31	10	9	18	0
62	=	0.0133	93	51	59	63	0
62	:	0.00955	52	40	44	55	0
62	3	0.0063	33	22	33	38	0
62	.	0.00355	32	12	5	22	0
62	2	0.0043	38	13	15	20	0
62	<	0.01215	68	50	58	67	0
62	1	0.0056	45	16	19	32	0
62	4	0.00605	45	22	23	31	0
62	&	0.00175	14	8	6	7	0
62	*	0.002	17	6	5	12	0
62	(	0.0019	16	5	7	10	0
62	-	0.00245	17	11	9	12	0
62	)	0.0017	16	3	11	4	0
62	!	0.00195	0	0	0	0	39
62	/	0.0045	32	12	19	27	0
62	'	0.0018	19	7	3	7	0
62	%	0.0007	7	2	3	2	0
63	E	0.13595	693	662	641	723	0
63	F	0.43525	1921	2375	2207	2202	0
63	D	0.06045	327	269	268	345	0
63	<	0.0125	78	57	54	61	0
63	C	0.03845	230	167	162	210	0
63	G	0.0835	371	466	441	392	0
63	B	0.0309	197	131	129	161	0
63	?	0.01645	85	72	79	93	0
63	8	0.0095	60	48	32	50	0
63	>	0.01655	105	55	78	93	0
63	@	0.02	121	86	92	101	0
63	0	0.00345	22	20	11	16	0
63	1	0.00535	49	16	22	20	0
63	=	0.01385	91	60	56	70	0
63	A	0.0234	145	103	115	105	0
63	*	0.0018	20	3	6	7	0
63	4	0.0062	48	15	21	40	0
63	;	0.0111	61	45	41	75	0
63	7	0.00715	45	28	38	32	0
63	:	0.00955	50	44	40	57	0
63	.	0.0039	32	9	16	21	0
63	9	0.0089	63	42	35	38	0
63	,	0.00325	27	15	9	14	0
63	/	0.0043	40	19	14	13	0
63	5	0.00615	45	21	23	34	0
63	+	0.00285	31	4	8	14	0
63	(	0.00195	19	7	5	8	0
63	6	0.0076	54	19	36	43	0
63	2	0.0041	29	18	11	24	0
63	3	0.0061	57	14	21	30	0
63	)	0.0023	21	4	11	10	0
63	-	0.00285	25	6	10	16	0
63	'	0.0018	14	6	9	7	0
63	&	0.0019	17	5	11	5	0
63	%	0.00065	2	3	3	5	0
63	!	5e-05	0	0	0	0	1
64	:	0.0101	63	37	39	63	0
64	G	0.0811	382	439	433	368	0
64	E	0.1389	719	642	685	732	0
64	D	0.0629	322	307	287	342	0
64	F	0.43035	1886	2262	2248	2211	0
64	=	0.01175	69	48	50	68	0
64	C	0.0369	214	158	168	198	0
64	7	0.0074	55	30	26	37	0
64	B	0.0317	189	144	146	155	0
64	>	0.0163	96	52	79	99	0
64	;	0.01345	101	48	51	69	0
64	?	0.01675	97	65	71	102	0
64	<	0.01205	69	58	52	62	0
64	0	0.00385	29	13	18	17	0
64	A	0.0249	156	95	117	130	0
64	1	0.0053	40	23	18	25	0
64	6	0.0093	52	41	49	44	0
64	5	0.00715	47	29	41	26	0
64	,	0.0029	20	7	17	14	0
64	@	0.0194	116	90	84	98	0
64	3	0.00545	40	16	28	25	0
64	8	0.009	63	34	37	46	0
64	9	0.0087	53	28	42	51	0
64	*	0.0023	17	9	5	15	0
64	)	0.00195	16	6	7	10	0
64	(	0.00215	18	6	12	7	0
64	'	0.0018	15	5	11	5	0
64	+	0.0028	28	4	11	13	0
64	.	0.00345	29	12	10	18	0
64	4	0.00615	47	23	22	31	0
64	-	0.0018	9	12	6	9	0
64	&	0.00195	14	5	11	9	0
64	2	0.0039	28	9	19	22	0
64	/	0.0041	33	15	19	15	0
64	%	0.0008	5	3	5	3	0
64	!	0.00125	0	0	0	0	25
65	:	0.00885	70	34	38	35	0
65	G	0.08535	366	484	462	395	0
65	F	0.42615	1943	2174	2214	2192	0
65	4	0.00675	50	24	25	36	0
65	E	0.1364	716	649	626	737	0
65	>	0.01695	98	76	70	95	0
65	C	0.0369	204	172	165	197	0
65	5	0.00645	42	22	29	36	0
65	2	0.00445	35	16	15	23	0
65	1	0.00515	38	12	19	34	0
65	D	0.06325	341	301	307	316	0
65	;	0.01145	76	55	34	64	0
65	B	0.0328	205	146	134	171	0
65	<	0.01115	81	48	43	51	0
65	A	0.0228	125	106	94	131	0
65	3	0.00545	51	12	13	33	0
65	-	0.0018	17	5	8	6	0
65	?	0.01605	90	61	81	89	0
65	@	0.0217	123	92	95	124	0
65	=	0.01295	64	62	70	63	0
65	'	0.0018	14	5	7	10	0
65	9	0.00795	54	28	27	50	0
65	8	0.01025	53	46	53	53	0
65	.	0.00365	32	13	8	20	0
65	/	0.0046	36	16	19	21	0
65	6	0.00965	50	40	41	62	0
65	!	0.0012	0	0	0	0	24
65	7	0.00755	40	42	38	31	0
65	)	0.0025	22	8	11	9	0
65	,	0.0037	32	11	10	21	0
65	%	0.00095	4	2	8	5	0
65	0	0.00355	25	16	15	15	0
65	*	0.0024	23	10	5	10	0
65	(	0.00245	22	9	10	8	0
65	+	0.0031	20	8	14	20	0
65	&	0.0019	14	7	11	6	0
66	F	0.43205	1875	2294	2269	2203	0
66	C	0.03635	196	181	163	187	0
66	B	0.0316	168	157	147	160	0
66	D	0.058	306	270	288	296	0
66	E	0.1441	742	689	707	744	0
66	:	0.00985	60	49	33	55	0
66	5	0.00595	38	17	24	40	0
66	@	0.01965	126	81	84	102	0
66	G	0.08145	348	414	491	376	0
66	>	0.0149	97	66	66	69	0
66	=	0.0116	76	51	53	52	0
66	7	0.00655	44	28	28	31	0
66	<	0.01245	77	52	53	67	0
66	'	0.0024	17	9	11	11	0
66	.	0.00395	30	11	20	18	0
66	?	0.0196	118	80	84	110	0
66	8	0.0095	48	42	44	56	0
66	A	0.0236	141	105	108	118	0
66	;	0.0119	80	54	47	57	0
66	*	0.00195	15	5	6	13	0
66	9	0.009	55	36	32	57	0
66	,	0.0027	21	8	9	16	0
66	6	0.0083	64	28	32	42	0
66	!	0.002	0	0	0	0	40
66	4	0.0068	53	28	27	28	0
66	0	0.00365	29	17	12	15	0
66	/	0.00345	27	13	11	18	0
66	)	0.002	20	8	7	5	0
66	(	0.0019	16	3	14	5	0
66	3	0.00495	32	14	22	31	0
66	-	0.00245	26	4	9	10	0
66	2	0.0045	27	14	24	25	0
66	1	0.0049	34	18	19	27	0
66	+	0.00315	26	12	10	15	0
66	%	0.0008	4	3	4	5	0
66	&	0.00205	13	8	8	12	0
67	E	0.14575	754	709	703	749	0
67	G	0.0841	370	434	506	372	0
67	?	0.01695	89	82	88	80	0
67	F	0.41915	1778	2256	2225	2124	0
67	D	0.06195	370	270	275	324	0
67	C	0.0366	208	180	168	176	0
67	B	0.03235	187	131	145	184	0
67	:	0.01055	62	45	41	63	0
67	>	0.01655	105	68	63	95	0
67	)	0.0021	16	8	7	11	0
67	@	0.01965	131	89	83	90	0
67	=	0.01295	64	45	70	80	0
67	A	0.0242	133	115	124	112	0
67	<	0.0109	71	41	45	61	0
67	8	0.0095	68	40	32	50	0
67	;	0.01225	94	48	58	45	0
67	2	0.0048	43	18	21	14	0
67	4	0.0068	50	30	27	29	0
67	+	0.00295	25	10	7	17	0
67	7	0.00645	37	34	30	28	0
67	6	0.008	52	38	31	39	0
67	(	0.00215	14	5	9	15	0
67	1	0.0054	44	23	15	26	0
67	5	0.0056	40	20	27	25	0
67	9	0.00825	51	35	27	52	0
67	,	0.00295	34	8	9	8	0
67	.	0.0037	23	9	16	26	0
67	-	0.00255	22	3	7	19	0
67	0	0.0034	30	9	11	18	0
67	3	0.00605	46	22	20	33	0
67	/	0.00485	45	17	14	21	0
67	*	0.0022	21	7	8	8	0
67	&	0.00255	24	10	11	6	0
67	'	0.00225	18	7	9	11	0
67	!	0.0024	0	0	0	0	48
67	%	0.0012	12	3	4	5	0
68	F	0.42005	1922	2258	2101	2120	0
68	0	0.00455	38	16	14	23	0
68	G	0.08305	384	456	428	393	0
68	7	0.00645	48	21	25	35	0
68	C	0.03705	211	146	186	198	0
68	A	0.0248	130	107	121	138	0
68	&	0.00195	14	2	16	7	0
68	E	0.13775	708	670	653	724	0
68	D	0.0619	366	298	246	328	0
68	B	0.03225	191	120	162	172	0
68	@	0.0214	106	98	96	128	0
68	:	0.0098	52	40	46	58	0
68	(	0.00285	24	7	14	12	0
68	;	0.01135	69	32	63	63	0
68	5	0.0057	38	22	24	30	0
68	!	0.00445	0	0	0	0	89
68	?	0.01595	96	58	78	87	0
68	>	0.01805	106	88	78	89	0
68	*	0.00195	17	7	5	10	0
68	4	0.0063	47	26	17	36	0
68	6	0.009	44	32	40	64	0
68	=	0.01285	86	53	50	68	0
68	<	0.013	92	55	48	65	0
68	2	0.00425	30	19	15	21	0
68	,	0.00355	29	12	9	21	0
68	8	0.0096	64	35	35	58	0
68	1	0.00515	27	23	22	31	0
68	+	0.0024	19	9	13	7	0
68	-	0.00275	25	7	9	14	0
68	/	0.004	33	11	13	23	0
68	.	0.004	34	10	19	17	0
68	9	0.0099	62	39	48	49	0
68	3	0.006	38	21	27	34	0
68	'	0.00245	21	11	12	5	0
68	)	0.0027	19	9	9	17	0
68	%	0.0008	6	2	4	4	0
69	F	0.4237	1788	2309	2166	2211	0
69	=	0.0124	77	59	49	63	0
69	A	0.02485	140	115	126	116	0
69	G	0.0854	384	444	465	415	0
69	D	0.0599	304	276	295	323	0
69	E	0.13855	700	633	681	757	0
69	@	0.02025	119	86	93	107	0
69	2	0.00455	34	17	23	17	0
69	B	0.0328	177	142	153	184	0
69	<	0.013	68	44	64	84	0
69	C	0.03725	199	168	173	205	0
69	>	0.01535	83	72	73	79	0
69	3	0.00645	43	21	25	40	0
69	5	0.00585	42	26	18	31	0
69	8	0.01125	62	46	56	61	0
69	?	0.01835	103	82	83	99	0
69	9	0.009	60	38	37	45	0
69	6	0.00785	56	31	27	43	0
69	7	0.00655	32	26	27	46	0
69	:	0.0104	58	39	46	65	0
69	;	0.01145	71	52	51	55	0
69	1	0.00545	42	18	18	31	0
69	/	0.0048	35	14	18	29	0
69	-	0.0026	18	7	12	15	0
69	4	0.00515	34	22	18	29	0
69	0	0.0038	26	14	10	26	0
69	)	0.003	31	5	9	15	0
69	+	0.0025	23	8	7	12	0
69	.	0.00405	29	9	17	26	0
69	!	0.00105	0	0	0	0	21
69	,	0.00345	26	8	16	19	0
69	*	0.00265	24	7	15	7	0
69	&	0.00135	12	5	6	4	0
69	(	0.0021	16	3	11	12	0
69	'	0.00215	18	7	8	10	0
69	%	0.00075	7	2	3	3	0
70	F	0.42265	1877	2233	2180	2163	0
70	E	0.1407	717	737	639	721	0
70	G	0.08265	378	455	419	401	0
70	=	0.0118	69	49	48	70	0
70	D	0.05985	310	291	278	318	0
70	C	0.03765	207	178	170	198	0
70	;	0.01175	78	38	61	58	0
70	0	0.00375	28	11	15	21	0
70	8	0.00985	56	40	50	51	0
70	>	0.0163	96	55	72	103	0
70	6	0.00795	49	33	39	38	0
70	)	0.0033	27	15	8	16	0
70	?	0.0184	107	80	84	97	0
70	B	0.03245	187	139	166	157	0
70	9	0.009	59	27	43	51	0
70	7	0.0071	52	26	26	38	0
70	A	0.02275	130	97	105	123	0
70	+	0.0031	22	6	13	21	0
70	@	0.02255	123	99	97	132	0
70	3	0.0059	50	18	21	29	0
70	1	0.0054	43	21	17	27	0
70	5	0.0066	43	25	27	37	0
70	.	0.0031	20	13	10	19	0
70	<	0.0121	70	57	48	67	0
70	(	0.0023	24	7	6	9	0
70	/	0.0042	35	18	15	16	0
70	:	0.0099	58	33	50	57	0
70	,	0.0032	24	7	14	19	0
70	2	0.00405	24	18	18	21	0
70	4	0.00525	29	22	20	34	0
70	!	0.0043	0	0	0	0	86
70	-	0.003	27	9	15	9	0
70	*	0.0022	19	9	8	8	0
70	'	0.0021	20	2	8	12	0
70	&	0.0019	10	9	13	6	0
70	%	0.00095	5	3	7	4	0
71	F	0.42125	1929	2212	2096	2188	0
71	8	0.0098	66	40	39	51	0
71	>	0.017	107	59	83	91	0
71	E	0.138	700	648	657	755	0
71	G	0.0824	352	437	456	403	0
71	:	0.0101	68	44	43	47	0
71	C	0.0356	228	144	161	179	0
71	?	0.0175	100	79	72	99	0
71	D	0.06375	336	276	296	367	0
71	@	0.0208	123	94	87	112	0
71	<	0.0119	79	52	61	46	0
71	&	0.00235	22	9	7	9	0
71	6	0.0086	64	27	41	40	0
71	A	0.02325	147	106	108	104	0
71	7	0.00755	43	27	41	40	0
71	1	0.00595	38	26	23	32	0
71	,	0.0032	21	14	13	16	0
71	B	0.03385	209	131	151	186	0
71	9	0.00935	55	36	47	49	0
71	4	0.006	37	21	25	37	0
71	=	0.01315	70	49	56	88	0
71	;	0.01145	65	51	56	57	0
71	*	0.00245	21	10	10	8	0
71	5	0.0059	37	16	26	39	0
71	3	0.00615	46	26	28	23	0
71	0	0.00405	32	12	14	23	0
71	(	0.0024	15	7	10	16	0
71	)	0.00285	22	6	16	13	0
71	+	0.00255	19	9	8	15	0
71	2	0.004	30	11	19	20	0
71	/	0.0039	34	10	19	15	0
71	.	0.00315	23	17	9	14	0
71	-	0.0029	21	9	11	17	0
71	'	0.0025	18	6	10	16	0
71	!	0.00345	0	0	0	0	69
71	%	0.00095	8	2	0	9	0
72	F	0.4229	1832	2313	2176	2137	0
72	3	0.0062	45	26	24	29	0
72	!	0.0013	0	0	0	0	26
72	G	0.08535	362	476	482	387	0
72	E	0.14125	738	714	666	707	0
72	A	0.0204	109	87	88	124	0
72	C	0.03735	197	164	177	209	0
72	D	0.0613	307	297	312	310	0
72	9	0.00995	66	35	45	53	0
72	8	0.0094	57	37	44	50	0
72	@	0.0226	129	85	98	140	0
72	)	0.00205	17	9	6	9	0
72	B	0.03295	165	160	161	173	0
72	?	0.0174	92	75	84	97	0
72	/	0.0043	28	17	15	26	0
72	5	0.00715	53	35	21	34	0
72	;	0.01135	66	51	54	56	0
72	>	0.01585	113	62	62	80	0
72	2	0.00515	35	13	25	30	0
72	=	0.0126	80	54	60	58	0
72	1	0.00525	39	21	20	25	0
72	<	0.01005	64	43	39	55	0
72	%	0.0007	3	3	4	4	0
72	7	0.00575	34	28	25	28	0
72	*	0.00255	19	7	12	13	0
72	6	0.00775	48	22	30	55	0
72	:	0.00965	72	34	42	45	0
72	.	0.0035	30	6	13	21	0
72	&	0.002	11	8	12	9	0
72	4	0.00665	49	22	31	31	0
72	,	0.0035	26	9	16	19	0
72	0	0.0046	33	13	25	21	0
72	-	0.00305	24	11	12	14	0
72	(	0.0028	23	5	14	14	0
72	+	0.00315	25	12	9	17	0
72	'	0.00225	18	6	10	11	0
73	F	0.4185	1879	2269	2171	2051	0
73	E	0.14125	750	656	651	768	0
73	A	0.0225	133	109	95	113	0
73	D	0.06315	354	294	283	332	0
73	>	0.0168	98	83	67	88	0
73	G	0.08435	354	437	484	412	0
73	C	0.0359	220	149	159	190	0
73	6	0.00775	52	31	38	34	0
73	2	0.0038	18	20	16	22	0
73	3	0.00625	46	22	21	36	0
73	:	0.011	81	40	42	57	0
73	?	0.01845	111	72	91	95	0
73	7	0.00595	47	23	18	31	0
73	B	0.03115	190	138	138	157	0
73	;	0.01105	46	49	60	66	0
73	5	0.007	50	23	30	37	0
73	9	0.01005	61	42	38	60	0
73	-	0.003	16	11	16	17	0
73	@	0.0213	132	95	108	91	0
73	.	0.0041	29	18	20	15	0
73	=	0.01315	74	56	70	63	0
73	/	0.0052	34	20	20	30	0
73	(	0.00245	19	7	13	10	0
73	4	0.00645	43	28	25	33	0
73	<	0.01275	89	55	44	67	0
73	8	0.0085	57	35	40	38	0
73	1	0.00525	29	23	15	38	0
73	0	0.00415	26	16	15	26	0
73	*	0.0032	23	12	11	18	0
73	'	0.00255	24	10	11	6	0
73	,	0.0031	20	13	8	21	0
73	&	0.00225	13	7	11	14	0
73	+	0.0032	22	15	14	13	0
73	)	0.0026	22	7	10	13	0
73	%	0.00105	10	4	5	2	0
73	!	0.00085	0	0	0	0	17
74	F	0.41915	1839	2214	2181	2149	0
74	,	0.00345	25	17	15	12	0
74	C	0.038	237	142	186	195	0
74	?	0.017	95	73	92	80	0
74	E	0.14425	759	680	698	748	0
74	G	0.0825	340	449	433	428	0
74	<	0.0131	65	66	65	66	0
74	D	0.06125	330	301	286	308	0
74	>	0.01625	103	74	64	84	0
74	@	0.01955	112	86	88	105	0
74	A	0.02455	142	108	117	124	0
74	6	0.0074	59	28	32	29	0
74	+	0.0034	27	10	15	16	0
74	9	0.01065	68	48	48	49	0
74	B	0.0322	177	143	157	167	0
74	0	0.00415	33	11	15	24	0
74	:	0.01095	66	51	45	57	0
74	3	0.00665	39	23	35	36	0
74	*	0.0027	23	14	8	9	0
74	;	0.0117	69	43	52	70	0
74	=	0.01095	70	49	46	54	0
74	8	0.0097	58	35	55	46	0
74	-	0.00255	22	10	6	13	0
74	4	0.00525	44	23	17	21	0
74	5	0.00665	31	33	31	38	0
74	1	0.00495	38	16	20	25	0
74	7	0.0075	44	30	34	42	0
74	/	0.0043	27	23	18	18	0
74	2	0.00445	28	10	22	29	0
74	(	0.00195	17	2	11	9	0
74	.	0.0042	30	18	16	20	0
74	'	0.0025	25	8	8	9	0
74	&	0.00265	21	9	13	10	0
74	)	0.00245	17	9	8	15	0
74	!	0.0002	0	0	0	0	4
74	%	0.0009	6	2	5	5	0
75	F	0.42635	1814	2308	2227	2178	0
75	B	0.02995	183	131	134	151	0
75	A	0.0232	123	113	118	110	0
75	;	0.0127	62	50	69	73	0
75	G	0.0814	365	405	459	399	0
75	E	0.13755	709	651	676	715	0
75	C	0.04035	211	183	195	218	0
75	>	0.01365	78	61	66	68	0
75	9	0.0092	69	34	31	50	0
75	'	0.00225	18	7	13	7	0
75	D	0.0637	352	299	289	334	0
75	@	0.0208	117	91	98	110	0
75	7	0.00745	46	26	34	43	0
75	.	0.0042	31	11	15	27	0
75	(	0.00225	10	9	14	12	0
75	6	0.0068	48	29	23	36	0
75	2	0.00465	35	12	22	24	0
75	3	0.0061	43	21	27	31	0
75	<	0.0124	74	57	55	62	0
75	*	0.00155	16	4	5	6	0
75	?	0.0185	115	93	71	91	0
75	5	0.00655	48	29	24	30	0
75	4	0.0071	44	26	33	39	0
75	8	0.0088	54	37	34	51	0
75	=	0.01335	73	58	66	70	0
75	1	0.00625	42	23	29	31	0
75	:	0.01055	77	40	43	51	0
75	/	0.0042	34	18	16	16	0
75	+	0.0026	17	14	14	7	0
75	,	0.0029	17	12	10	19	0
75	-	0.0029	26	9	15	8	0
75	0	0.0038	24	14	10	28	0
75	&	0.0024	16	10	16	6	0
75	!	5e-05	0	0	0	0	1
75	)	0.00265	24	15	6	8	0
75	%	0.0009	6	6	4	2	0
76	:	0.01075	64	43	45	63	0
76	?	0.01755	84	94	67	106	0
76	F	0.41385	1893	2190	2140	2054	0
76	@	0.0197	121	88	92	93	0
76	E	0.1425	672	709	691	778	0
76	G	0.08345	380	427	489	373	0
76	5	0.00635	41	31	26	29	0
76	>	0.01765	108	75	76	94	0
76	B	0.0315	174	131	150	175	0
76	6	0.0077	65	30	30	29	0
76	;	0.01215	91	51	47	54	0
76	8	0.0102	64	44	51	45	0
76	A	0.02435	137	101	101	148	0
76	C	0.03815	222	155	179	207	0
76	D	0.06215	348	300	287	308	0
76	9	0.00975	55	38	44	58	0
76	<	0.01195	81	41	59	58	0
76	+	0.0031	19	14	16	13	0
76	4	0.00685	54	31	22	30	0
76	&	0.00265	17	14	14	8	0
76	7	0.00675	44	22	33	36	0
76	)	0.00295	23	11	13	12	0
76	0	0.00435	32	17	16	22	0
76	!	0.0012	0	0	0	0	24
76	/	0.00435	30	20	17	20	0
76	-	0.00265	14	11	17	11	0
76	2	0.0047	24	26	24	20	0
76	=	0.0131	88	63	58	53	0
76	(	0.0031	28	12	6	16	0
76	1	0.0056	35	24	27	26	0
76	,	0.0037	31	9	13	21	0
76	*	0.00255	19	5	10	17	0
76	'	0.00205	18	5	14	4	0
76	.	0.0034	30	12	12	14	0
76	3	0.006	46	18	23	33	0
76	%	0.00125	9	4	5	7	0
77	>	0.01615	96	65	76	86	0
77	G	0.0834	360	430	456	422	0
77	F	0.42105	1824	2289	2074	2234	0
77	C	0.0401	215	167	209	211	0
77	D	0.0604	346	275	277	310	0
77	@	0.02105	112	112	87	110	0
77	B	0.031	161	134	153	172	0
77	:	0.01125	68	63	49	45	0
77	E	0.14105	705	667	703	746	0
77	+	0.0029	21	10	10	17	0
77	A	0.02355	156	97	104	114	0
77	?	0.0187	106	86	85	97	0
77	<	0.0127	86	56	50	62	0
77	8	0.00985	69	37	47	44	0
77	;	0.012	77	47	55	61	0
77	9	0.0094	59	37	46	46	0
77	0	0.00435	26	22	16	23	0
77	7	0.0071	43	30	28	41	0
77	/	0.0033	21	10	18	17	0
77	(	0.00215	18	12	6	7	0
77	1	0.00505	42	21	17	21	0
77	=	0.0125	83	38	63	66	0
77	*	0.00275	21	11	15	8	0
77	6	0.00705	34	34	27	46	0
77	&	0.00215	12	7	15	9	0
77	5	0.00615	41	25	22	35	0
77	3	0.0063	50	25	20	31	0
77	,	0.0031	26	7	14	15	0
77	4	0.0056	40	22	25	25	0
77	.	0.0039	35	7	11	25	0
77	2	0.00435	32	17	19	19	0
77	)	0.00295	22	15	8	14	0
77	-	0.0031	28	11	11	12	0
77	'	0.0022	17	8	8	11	0
77	%	0.0014	11	5	9	3	0
78	F	0.4188	1775	2305	2197	2099	0
78	D	0.0632	341	303	259	361	0
78	E	0.13785	710	692	622	733	0
78	G	0.08345	386	449	453	381	0
78	?	0.0171	106	73	71	92	0
78	7	0.0075	50	29	23	48	0
78	B	0.03215	167	145	150	181	0
78	:	0.01	63	39	37	61	0
78	=	0.01365	78	68	60	67	0
78	9	0.008	51	35	30	44	0
78	2	0.0046	26	13	22	31	0
78	<	0.01345	71	68	60	70	0
78	'	0.0021	16	10	10	6	0
78	>	0.0163	111	67	71	77	0
78	C	0.03595	211	161	154	193	0
78	A	0.0253	161	78	135	132	0
78	;	0.01195	74	52	43	70	0
78	6	0.00825	64	26	39	36	0
78	@	0.02085	137	91	95	94	0
78	1	0.0061	43	27	20	32	0
78	3	0.006	49	20	22	29	0
78	.	0.0036	29	8	11	24	0
78	%	0.00085	6	3	3	5	0
78	,	0.00355	36	12	9	14	0
78	5	0.0056	37	23	23	29	0
78	8	0.0105	71	42	46	51	0
78	-	0.0035	24	13	9	24	0
78	4	0.0072	49	32	24	39	0
78	/	0.0046	38	14	17	23	0
78	(	0.0025	25	9	5	11	0
78	0	0.0039	28	15	22	13	0
78	+	0.0033	29	9	13	15	0
78	*	0.00305	17	10	16	18	0
78	)	0.0025	18	11	9	12	0
78	!	0.0003	0	0	0	0	6
78	&	0.0025	18	6	17	9	0
79	4	0.0066	44	20	22	46	0
79	F	0.4123	1815	2260	2083	2088	0
79	E	0.1382	703	705	627	729	0
79	=	0.0138	71	59	61	85	0
79	9	0.01055	82	31	45	53	0
79	(	0.0025	16	9	14	11	0
79	D	0.06025	326	262	285	332	0
79	G	0.0827	382	458	437	377	0
79	A	0.0257	144	101	116	153	0
79	C	0.0382	211	181	190	182	0
79	7	0.0078	50	37	37	32	0
79	/	0.00455	43	12	15	21	0
79	@	0.0212	129	82	94	119	0
79	3	0.00655	44	26	32	29	0
79	:	0.0102	60	50	42	52	0
79	5	0.00675	33	33	28	41	0
79	>	0.0164	89	68	79	92	0
79	1	0.00585	44	21	18	34	0
79	8	0.0108	76	41	49	50	0
79	B	0.0335	194	150	166	160	0
79	?	0.01665	79	82	85	87	0
79	;	0.0115	75	49	52	54	0
79	&	0.0031	19	8	16	19	0
79	6	0.0087	58	36	36	44	0
79	!	0.00135	0	0	0	0	27
79	,	0.00395	36	9	14	20	0
79	2	0.0051	37	16	23	26	0
79	<	0.01295	83	58	45	73	0
79	*	0.0023	20	10	5	11	0
79	)	0.00255	17	7	18	9	0
79	'	0.0027	22	6	15	11	0
79	0	0.00365	28	13	19	13	0
79	+	0.0034	24	11	16	17	0
79	-	0.00325	25	12	8	20	0
79	.	0.0034	24	9	13	22	0
79	%	0.00105	4	6	7	4	0
80	F	0.41355	1829	2223	2072	2147	0
80	E	0.13755	652	664	673	762	0
80	@	0.0208	138	90	91	97	0
80	C	0.03915	207	183	189	204	0
80	G	0.08215	400	409	438	396	0
80	D	0.0617	326	268	272	368	0
80	:	0.0107	59	47	44	64	0
80	1	0.0058	52	13	25	26	0
80	>	0.016	96	71	74	79	0
80	8	0.00965	69	44	27	53	0
80	)	0.0029	25	12	7	14	0
80	A	0.02525	141	109	125	130	0
80	9	0.00955	55	42	46	48	0
80	/	0.0041	32	11	23	16	0
80	?	0.0167	94	73	82	85	0
80	7	0.00785	50	34	34	39	0
80	;	0.01205	68	47	56	70	0
80	-	0.00305	27	8	8	18	0
80	B	0.0339	197	128	152	201	0
80	2	0.00375	29	10	16	20	0
80	*	0.00255	22	8	8	13	0
80	<	0.0139	103	61	58	56	0
80	0	0.00465	25	25	22	21	0
80	6	0.00835	65	33	21	48	0
80	=	0.0142	86	65	66	67	0
80	5	0.00625	48	20	23	34	0
80	!	0.0003	0	0	0	0	6
80	'	0.0021	15	7	11	9	0
80	(	0.00245	17	12	13	7	0
80	3	0.0067	42	22	35	35	0
80	4	0.0067	42	25	31	36	0
80	,	0.00365	32	9	16	16	0
80	+	0.00345	27	14	18	10	0
80	%	0.00135	6	6	11	4	0
80	.	0.00435	38	21	15	13	0
80	&	0.0029	20	6	20	12	0
81	F	0.41145	1804	2225	2077	2123	0
81	C	0.03885	226	170	172	209	0
81	4	0.0068	51	16	24	45	0
81	D	0.06235	340	303	297	307	0
81	B	0.03485	196	153	156	192	0
81	=	0.01265	83	61	56	53	0
81	G	0.0834	351	445	475	397	0
81	E	0.1396	690	672	643	787	0
81	;	0.0127	80	60	39	75	0
81	<	0.01225	62	61	52	70	0
81	A	0.02445	134	98	121	136	0
81	@	0.02295	124	110	118	107	0
81	7	0.0075	64	31	31	24	0
81	'	0.00265	17	8	20	8	0
81	>	0.0168	101	73	77	85	0
81	6	0.00845	53	37	36	43	0
81	8	0.0097	68	31	38	57	0
81	+	0.003	31	10	7	12	0
81	?	0.0188	110	94	78	94	0
81	1	0.0059	40	19	32	27	0
81	:	0.00935	54	48	42	43	0
81	3	0.00505	27	22	30	22	0
81	0	0.0037	36	7	18	13	0
81	5	0.0065	37	23	35	35	0
81	9	0.00945	56	48	37	48	0
81	/	0.00405	33	13	20	15	0
81	*	0.0031	23	6	17	16	0
81	)	0.00265	24	9	10	10	0
81	.	0.0035	26	14	15	15	0
81	&	0.0029	23	12	12	11	0
81	(	0.00265	22	6	9	16	0
81	2	0.0038	23	10	18	25	0
81	,	0.0038	31	14	15	16	0
81	-	0.00295	22	9	15	13	0
81	!	0.00025	0	0	0	0	5
81	%	0.0012	4	6	8	6	0
82	E	0.14215	779	673	655	736	0
82	;	0.012	70	58	51	61	0
82	F	0.41275	1801	2258	2107	2089	0
82	C	0.03865	201	173	189	210	0
82	>	0.01765	107	77	79	90	0
82	A	0.0217	122	99	112	101	0
82	@	0.0233	143	87	114	122	0
82	9	0.00875	61	39	35	40	0
82	G	0.0832	358	448	443	415	0
82	D	0.06225	348	309	276	312	0
82	6	0.0086	50	34	37	51	0
82	?	0.0178	112	77	76	91	0
82	2	0.0044	28	14	24	22	0
82	1	0.0059	35	25	28	30	0
82	B	0.03145	187	129	153	160	0
82	8	0.01025	64	44	46	51	0
82	<	0.01225	72	49	64	60	0
82	=	0.0126	77	55	51	69	0
82	)	0.0032	16	20	10	18	0
82	:	0.01075	63	46	61	45	0
82	5	0.00625	48	28	23	26	0
82	,	0.00345	28	10	12	19	0
82	/	0.00465	30	18	25	20	0
82	3	0.00595	39	23	23	34	0
82	4	0.00625	40	26	22	37	0
82	0	0.0038	25	11	10	30	0
82	7	0.00705	50	20	34	37	0
82	(	0.0034	25	7	20	16	0
82	-	0.0035	24	8	12	26	0
82	.	0.00325	19	15	11	20	0
82	&	0.00255	20	7	17	7	0
82	'	0.00275	19	8	17	11	0
82	+	0.003	19	13	17	11	0
82	*	0.0027	19	6	17	12	0
82	!	0.00075	0	0	0	0	15
82	%	0.0011	10	4	5	3	0
83	F	0.40575	1860	2179	2047	2029	0
83	E	0.1384	731	688	618	731	0
83	G	0.0836	379	437	464	392	0
83	7	0.00655	45	29	30	27	0
83	B	0.0328	183	144	169	160	0
83	3	0.00595	49	21	28	21	0
83	<	0.0126	91	40	55	66	0
83	D	0.0635	353	286	309	322	0
83	A	0.025	145	124	119	112	0
83	=	0.015	117	60	54	69	0
83	C	0.03785	221	161	168	207	0
83	1	0.00635	40	24	31	32	0
83	;	0.01165	75	43	54	61	0
83	@	0.02175	116	114	112	93	0
83	9	0.00955	65	41	36	49	0
83	:	0.01005	60	43	43	55	0
83	(	0.003	24	15	13	8	0
83	?	0.01785	113	75	81	88	0
83	8	0.01035	57	41	44	65	0
83	>	0.0173	93	77	79	97	0
83	4	0.00715	41	30	34	38	0
83	!	0.0015	0	0	0	0	30
83	'	0.00285	23	8	18	8	0
83	.	0.0043	26	18	12	30	0
83	6	0.00805	58	30	36	37	0
83	2	0.0044	29	21	17	21	0
83	5	0.00695	47	24	28	40	0
83	/	0.004	34	12	16	18	0
83	,	0.00395	31	18	11	19	0
83	0	0.0046	40	14	21	17	0
83	%	0.0017	11	7	9	7	0
83	-	0.00375	27	12	19	17	0
83	+	0.00445	39	15	12	23	0
83	*	0.00205	16	11	5	9	0
83	&	0.0027	19	11	17	7	0
83	)	0.00275	17	10	14	14	0
84	F	0.4103	1746	2236	2056	2168	0
84	E	0.13535	670	654	664	719	0
84	B	0.03375	201	134	154	186	0
84	D	0.0658	342	273	353	348	0
84	G	0.0823	371	415	483	377	0
84	@	0.02235	140	93	110	104	0
84	=	0.01255	64	56	59	72	0
84	!	0.00555	0	0	0	0	111
84	?	0.0186	115	87	68	102	0
84	>	0.01665	99	77	84	73	0
84	7	0.00715	42	38	28	35	0
84	9	0.00885	42	41	44	50	0
84	;	0.0116	75	43	49	65	0
84	C	0.0381	196	180	178	208	0
84	4	0.00675	47	28	26	34	0
84	)	0.0032	24	14	11	15	0
84	A	0.02505	144	120	95	142	0
84	,	0.00305	24	8	12	17	0
84	<	0.01305	77	54	67	63	0
84	1	0.0059	45	23	22	28	0
84	8	0.00865	52	34	36	51	0
84	:	0.0096	49	36	49	58	0
84	+	0.00265	17	9	14	13	0
84	5	0.0066	40	29	36	27	0
84	*	0.00285	25	9	14	9	0
84	-	0.00265	23	10	8	12	0
84	6	0.0089	58	35	31	54	0
84	.	0.004	30	11	19	20	0
84	&	0.0031	22	11	21	8	0
84	3	0.00565	40	22	26	25	0
84	/	0.0042	23	21	20	20	0
84	2	0.00485	32	19	20	26	0
84	'	0.0027	20	14	10	10	0
84	0	0.0038	26	15	10	25	0
84	(	0.0024	18	8	14	8	0
84	%	0.0015	8	7	5	10	0
85	9	0.0096	65	38	39	50	0
85	F	0.40825	1803	2183	2092	2087	0
85	E	0.13815	700	684	644	735	0
85	C	0.0384	201	185	196	186	0
85	@	0.02215	130	98	97	118	0
85	=	0.0138	79	58	74	65	0
85	G	0.08575	380	451	499	385	0
85	A	0.02725	158	134	124	129	0
85	6	0.00745	41	32	34	42	0
85	/	0.00465	38	13	25	17	0
85	D	0.06175	322	295	280	338	0
85	:	0.01105	73	46	50	52	0
85	;	0.01345	87	65	60	57	0
85	B	0.03155	176	139	155	161	0
85	?	0.01775	94	87	83	91	0
85	+	0.003	18	16	14	12	0
85	1	0.0054	47	24	17	20	0
85	>	0.0172	102	84	71	87	0
85	'	0.0029	15	11	9	23	0
85	<	0.0132	74	56	64	70	0
85	8	0.0086	60	28	35	49	0
85	5	0.0058	37	22	26	31	0
85	7	0.00685	47	27	31	32	0
85	0	0.0041	26	10	17	29	0
85	-	0.00345	22	12	19	16	0
85	,	0.0037	23	18	17	16	0
85	*	0.0028	20	13	13	10	0
85	(	0.0033	16	16	18	16	0
85	4	0.0071	43	27	34	38	0
85	%	0.0014	15	5	6	2	0
85	2	0.00385	27	12	23	15	0
85	3	0.0056	38	28	16	30	0
85	)	0.003	22	6	19	13	0
85	&	0.00345	21	20	13	15	0
85	.	0.00375	31	12	13	19	0
85	!	0.00055	0	0	0	0	11
86	F	0.40405	1702	2167	2016	2196	0
86	E	0.1396	717	646	666	763	0
86	=	0.01435	87	56	76	68	0
86	G	0.0838	383	451	450	392	0
86	D	0.0599	323	268	287	320	0
86	7	0.0081	61	32	24	45	0
86	8	0.0098	64	43	36	53	0
86	A	0.0258	150	119	123	124	0
86	@	0.02385	134	102	111	130	0
86	+	0.00295	24	7	12	16	0
86	C	0.04005	215	183	207	196	0
86	;	0.013	64	70	57	69	0
86	>	0.01665	108	61	76	88	0
86	4	0.0065	36	23	36	35	0
86	:	0.0122	81	53	48	62	0
86	B	0.0311	178	141	142	161	0
86	<	0.0121	63	49	49	81	0
86	9	0.0095	68	35	42	45	0
86	?	0.01745	106	74	73	96	0
86	1	0.00605	43	19	26	33	0
86	2	0.00485	27	28	15	27	0
86	*	0.00285	23	6	11	17	0
86	/	0.0058	48	20	22	26	0
86	'	0.0028	26	7	14	9	0
86	5	0.0064	43	21	31	33	0
86	,	0.00355	29	12	10	20	0
86	.	0.0042	27	14	25	18	0
86	(	0.0038	26	19	14	17	0
86	6	0.00855	52	46	35	38	0
86	-	0.00315	22	13	12	16	0
86	&	0.0021	14	12	11	5	0
86	3	0.0059	33	30	19	36	0
86	0	0.00435	25	18	18	26	0
86	)	0.0034	27	8	13	20	0
86	%	0.00075	6	3	4	2	0
86	!	0.00075	0	0	0	0	15
87	F	0.39635	1668	2193	2044	2022	0
87	E	0.13795	699	658	676	726	0
87	:	0.00995	55	56	45	43	0
87	G	0.08545	357	482	457	413	0
87	@	0.02285	128	97	111	121	0
87	D	0.0659	335	308	307	368	0
87	=	0.01375	78	66	59	72	0
87	5	0.0071	56	30	23	33	0
87	1	0.00645	46	26	27	30	0
87	C	0.0403	229	185	176	216	0
87	?	0.0204	128	89	93	98	0
87	A	0.0255	131	111	139	129	0
87	B	0.0305	168	155	114	173	0
87	4	0.0073	47	29	25	45	0
87	*	0.0025	15	13	12	10	0
87	0	0.004	34	11	19	16	0
87	2	0.00425	28	20	15	22	0
87	<	0.0127	78	54	58	64	0
87	/	0.00465	33	16	17	27	0
87	>	0.01675	84	73	84	94	0
87	;	0.01195	76	45	60	58	0
87	%	0.0013	8	4	8	6	0
87	-	0.00335	23	8	14	22	0
87	3	0.0061	48	18	29	27	0
87	9	0.01115	70	52	40	61	0
87	7	0.0077	42	44	25	43	0
87	+	0.0032	22	8	8	26	0
87	8	0.01045	68	47	42	52	0
87	6	0.00835	58	29	28	52	0
87	&	0.0038	25	13	27	11	0
87	'	0.00265	20	9	13	11	0
87	.	0.00425	34	10	17	24	0
87	)	0.00285	22	8	14	13	0
87	,	0.0043	30	14	16	26	0
87	(	0.00305	25	11	14	11	0
87	!	0.00095	0	0	0	0	19
88	F	0.40275	1748	2163	2002	2142	0
88	:	0.0113	70	42	48	66	0
88	E	0.13585	696	690	637	694	0
88	5	0.0063	44	27	26	29	0
88	G	0.0817	323	445	447	419	0
88	D	0.06415	356	291	322	314	0
88	?	0.01965	122	95	104	72	0
88	;	0.0114	78	41	47	62	0
88	B	0.0299	170	132	145	151	0
88	4	0.00725	42	21	44	38	0
88	>	0.0174	96	74	79	99	0
88	A	0.0246	134	121	106	131	0
88	C	0.03935	218	161	197	211	0
88	1	0.0058	47	17	18	34	0
88	7	0.0071	51	31	24	36	0
88	2	0.0053	43	14	20	29	0
88	=	0.0147	89	58	77	70	0
88	0	0.0045	34	19	20	17	0
88	@	0.0224	125	97	104	122	0
88	.	0.0047	33	22	18	21	0
88	8	0.01095	60	45	61	53	0
88	<	0.01335	71	70	51	75	0
88	(	0.0031	21	19	8	14	0
88	6	0.00875	53	39	43	40	0
88	,	0.00355	27	11	17	16	0
88	3	0.0072	46	25	32	41	0
88	)	0.00365	33	7	16	17	0
88	9	0.00935	61	37	44	45	0
88	*	0.00315	22	9	13	19	0
88	/	0.00525	34	25	17	29	0
88	!	0.0009	0	0	0	0	18
88	-	0.00305	24	12	10	15	0
88	%	0.00145	11	2	8	8	0
88	'	0.0037	28	12	13	21	0
88	&	0.0026	17	12	12	11	0
88	+	0.0039	28	16	13	21	0
89	D	0.0623	336	279	291	340	0
89	F	0.3998	1694	2119	2028	2155	0
89	7	0.00785	49	29	33	46	0
89	G	0.08125	360	413	456	396	0
89	E	0.1402	698	665	719	722	0
89	@	0.0231	139	105	104	114	0
89	4	0.0077	61	28	26	39	0
89	:	0.01015	56	47	52	48	0
89	=	0.01425	82	67	69	67	0
89	.	0.00385	30	14	13	20	0
89	B	0.0316	172	141	139	180	0
89	8	0.0102	67	41	42	54	0
89	;	0.012	81	39	47	73	0
89	C	0.04025	228	160	194	223	0
89	A	0.02625	160	101	134	130	0
89	0	0.00445	34	18	16	21	0
89	6	0.0082	61	32	31	40	0
89	<	0.013	77	51	62	70	0
89	?	0.0185	105	83	72	110	0
89	+	0.00295	20	10	14	15	0
89	2	0.0047	29	24	18	23	0
89	'	0.0037	18	20	20	16	0
89	>	0.0172	106	73	81	84	0
89	9	0.00935	50	50	38	49	0
89	)	0.0031	19	12	13	18	0
89	5	0.00635	46	26	24	31	0
89	1	0.0062	43	27	18	36	0
89	3	0.00695	49	18	39	33	0
89	/	0.0053	38	16	18	34	0
89	*	0.0032	20	12	21	11	0
89	&	0.0033	26	9	18	13	0
89	,	0.0044	29	19	16	24	0
89	%	0.00175	14	6	9	6	0
89	(	0.0028	18	7	18	13	0
89	-	0.0034	27	12	15	14	0
89	!	0.00045	0	0	0	0	9
90	F	0.39915	1760	2123	2031	2069	0
90	:	0.01075	66	43	53	53	0
90	?	0.01945	116	84	79	110	0
90	E	0.1388	698	662	695	721	0
90	B	0.03245	179	146	153	171	0
90	@	0.021	120	83	101	116	0
90	D	0.06215	306	324	288	325	0
90	G	0.0858	402	463	454	397	0
90	C	0.03905	216	191	180	194	0
90	;	0.0126	78	44	53	77	0
90	A	0.0249	137	123	112	126	0
90	2	0.0046	37	15	16	24	0
90	7	0.0076	39	37	42	34	0
90	4	0.00655	43	29	27	32	0
90	9	0.0093	51	38	39	58	0
90	<	0.013	90	57	58	55	0
90	6	0.00835	56	32	28	51	0
90	>	0.01715	87	84	79	93	0
90	=	0.01365	85	57	65	66	0
90	3	0.0072	47	32	33	32	0
90	5	0.00765	47	36	33	37	0
90	-	0.0033	22	14	15	15	0
90	!	0.0008	0	0	0	0	16
90	1	0.0061	44	20	31	27	0
90	*	0.0035	25	16	16	13	0
90	0	0.0051	31	18	25	28	0
90	8	0.0104	61	34	52	61	0
90	.	0.00335	25	11	11	20	0
90	/	0.0053	40	16	23	27	0
90	(	0.00305	25	10	12	14	0
90	,	0.0038	28	13	16	19	0
90	)	0.0035	22	15	14	19	0
90	+	0.00335	21	13	17	16	0
90	&	0.0031	18	11	23	10	0
90	'	0.00305	25	12	13	11	0
90	%	0.00115	4	6	8	5	0
91	<	0.01255	66	54	54	77	0
91	F	0.39285	1712	2150	1917	2078	0
91	3	0.0067	38	23	29	44	0
91	E	0.1401	653	737	677	735	0
91	A	0.0254	142	103	140	123	0
91	D	0.0628	335	317	309	295	0
91	G	0.08115	387	437	414	385	0
91	1	0.0067	39	30	36	29	0
91	B	0.03555	197	162	158	194	0
91	=	0.0165	98	82	70	80	0
91	C	0.0413	196	216	191	223	0
91	@	0.02145	114	102	94	119	0
91	4	0.00565	34	33	20	26	0
91	8	0.0108	64	49	43	60	0
91	>	0.0178	106	80	75	95	0
91	?	0.0195	114	78	85	113	0
91	.	0.00415	29	13	14	27	0
91	:	0.0098	61	37	52	46	0
91	2	0.0052	35	28	16	25	0
91	;	0.0134	65	55	65	83	0
91	5	0.0068	42	35	30	29	0
91	)	0.0031	27	14	11	10	0
91	7	0.0087	55	30	44	45	0
91	/	0.00475	32	24	22	17	0
91	0	0.0042	24	17	21	22	0
91	&	0.0032	23	14	16	11	0
91	*	0.00315	13	8	20	22	0
91	9	0.0109	62	51	50	55	0
91	,	0.00405	29	13	12	27	0
91	6	0.00785	53	32	36	36	0
91	+	0.0031	16	14	13	19	0
91	'	0.00305	20	9	14	18	0
91	-	0.00285	20	11	12	14	0
91	!	0.001	0	0	0	0	20
91	(	0.0032	21	12	17	14	0
91	%	0.00075	6	2	5	2	0
92	F	0.3929	1743	2064	2012	2039	0
92	D	0.0662	358	290	336	340	0
92	2	0.0043	24	20	22	20	0
92	G	0.08285	373	459	440	385	0
92	A	0.02415	137	105	115	126	0
92	E	0.1376	689	638	666	759	0
92	B	0.03235	185	172	151	139	0
92	:	0.0119	75	57	47	59	0
92	C	0.03775	190	182	196	187	0
92	@	0.0226	126	90	104	132	0
92	7	0.0069	55	28	24	31	0
92	=	0.0147	90	58	64	82	0
92	>	0.01755	103	76	69	103	0
92	4	0.0072	57	27	25	35	0
92	?	0.01875	112	92	78	93	0
92	,	0.00405	31	17	14	19	0
92	5	0.0076	46	31	27	48	0
92	1	0.00615	43	19	31	30	0
92	9	0.01135	72	50	49	56	0
92	;	0.01355	85	55	60	71	0
92	<	0.01195	76	47	50	66	0
92	!	0.0016	0	0	0	0	32
92	3	0.00675	45	22	35	33	0
92	6	0.01	79	47	35	39	0
92	+	0.0038	27	13	17	19	0
92	-	0.00355	23	14	15	19	0
92	/	0.00535	40	15	29	23	0
92	8	0.0093	57	35	35	59	0
92	&	0.00345	24	12	15	18	0
92	0	0.00455	29	11	23	28	0
92	(	0.0034	21	13	16	18	0
92	'	0.0031	18	13	18	13	0
92	*	0.00365	23	17	15	18	0
92	.	0.00435	29	15	19	24	0
92	%	0.00155	13	3	9	6	0
92	)	0.00325	26	15	13	11	0
93	D	0.06235	305	296	308	338	0
93	G	0.08285	350	472	456	379	0
93	;	0.01425	85	63	70	67	0
93	F	0.39205	1692	2087	2089	1973	0
93	5	0.00795	56	30	29	44	0
93	7	0.00805	48	30	32	51	0
93	E	0.1341	689	634	636	723	0
93	1	0.0068	41	27	26	42	0
93	:	0.0103	58	44	39	65	0
93	B	0.03475	201	168	165	161	0
93	=	0.0149	75	79	63	81	0
93	3	0.00655	36	34	16	45	0
93	+	0.0034	16	11	20	21	0
93	<	0.0129	68	61	63	66	0
93	C	0.03995	216	186	197	200	0
93	4	0.0088	61	34	32	49	0
93	6	0.00925	47	43	42	53	0
93	2	0.0052	37	23	18	26	0
93	8	0.0114	74	44	44	66	0
93	@	0.02305	143	116	95	107	0
93	>	0.01595	93	79	59	88	0
93	!	0.00225	0	0	0	0	45
93	A	0.02615	129	145	134	115	0
93	/	0.0048	43	15	19	19	0
93	?	0.01785	102	63	84	108	0
93	9	0.0095	58	44	37	51	0
93	.	0.0042	35	14	15	20	0
93	,	0.00405	29	16	14	22	0
93	)	0.00405	27	15	23	16	0
93	*	0.0037	25	10	18	21	0
93	'	0.0039	25	14	20	19	0
93	(	0.00305	13	17	15	16	0
93	-	0.0034	26	12	12	18	0
93	0	0.0032	24	10	13	17	0
93	&	0.0034	28	15	17	8	0
93	%	0.0017	12	8	7	7	0
94	@	0.02215	129	99	104	111	0
94	F	0.3902	1702	2034	2022	2046	0
94	C	0.03965	221	184	190	198	0
94	G	0.08155	366	429	451	385	0
94	D	0.0644	361	304	285	338	0
94	4	0.00715	49	37	29	28	0
94	E	0.13735	670	646	724	707	0
94	B	0.03535	186	162	171	188	0
94	?	0.01845	106	80	92	91	0
94	A	0.02475	136	100	134	125	0
94	>	0.01715	101	80	76	86	0
94	5	0.0074	47	37	33	31	0
94	*	0.0033	26	13	12	15	0
94	=	0.0154	87	72	77	72	0
94	&	0.0037	28	10	20	16	0
94	8	0.01065	67	52	40	54	0
94	1	0.0057	32	23	22	37	0
94	.	0.00545	43	27	17	22	0
94	7	0.00675	41	31	25	38	0
94	6	0.0089	59	35	39	45	0
94	/	0.00535	45	18	19	25	0
94	;	0.01275	96	46	43	70	0
94	-	0.0037	27	12	17	18	0
94	'	0.0034	32	10	11	15	0
94	<	0.01365	82	72	56	63	0
94	,	0.00385	31	24	13	9	0
94	:	0.0111	67	56	45	54	0
94	9	0.0107	54	53	52	55	0
94	0	0.0043	27	19	23	17	0
94	)	0.0043	32	18	14	22	0
94	3	0.00705	51	26	22	42	0
94	2	0.00555	34	27	23	27	0
94	+	0.00335	25	12	17	13	0
94	(	0.00385	29	19	16	13	0
94	%	0.001	10	2	5	3	0
94	!	0.0007	0	0	0	0	14
95	F	0.392	1704	2116	1988	2032	0
95	/	0.00565	49	19	21	24	0
95	G	0.08475	387	458	460	390	0
95	E	0.1367	641	714	659	720	0
95	C	0.03725	211	180	155	199	0
95	D	0.0621	351	295	297	299	0
95	9	0.0104	57	38	52	61	0
95	3	0.0066	55	29	23	25	0
95	.	0.00405	28	12	17	24	0
95	B	0.0346	184	153	190	165	0
95	@	0.023	137	104	104	115	0
95	6	0.00845	54	44	28	43	0
95	7	0.0089	56	27	47	48	0
95	?	0.0182	121	77	79	87	0
95	5	0.00665	37	26	31	39	0
95	4	0.00825	61	32	29	43	0
95	A	0.0242	108	111	126	139	0
95	<	0.01355	82	52	56	81	0
95	=	0.0146	82	67	71	72	0
95	>	0.01785	107	70	78	102	0
95	0	0.0048	37	18	20	21	0
95	2	0.00585	37	32	27	21	0
95	;	0.01255	75	59	58	59	0
95	:	0.01235	91	50	53	53	0
95	%	0.0017	9	6	10	9	0
95	8	0.00955	60	43	34	54	0
95	(	0.00335	23	10	17	17	0
95	)	0.00375	29	12	22	12	0
95	*	0.0034	18	18	9	23	0
95	-	0.0037	29	12	13	20	0
95	1	0.0069	47	26	26	39	0
95	,	0.0036	20	12	16	24	0
95	'	0.00375	26	19	15	15	0
95	+	0.00365	33	7	15	18	0
95	!	5e-05	0	0	0	0	1
95	&	0.0033	23	9	24	10	0
96	F	0.39155	1710	2182	1927	2012	0
96	G	0.087	401	459	469	411	0
96	D	0.06235	305	297	302	343	0
96	E	0.1349	724	654	622	698	0
96	A	0.02735	161	122	131	133	0
96	>	0.0181	99	80	99	84	0
96	;	0.0142	92	72	56	64	0
96	<	0.01295	70	65	64	60	0
96	B	0.03305	177	147	176	161	0
96	:	0.01015	57	42	46	58	0
96	@	0.0222	134	88	102	120	0
96	/	0.0051	41	17	12	32	0
96	0	0.0044	21	22	20	25	0
96	4	0.00695	45	24	29	41	0
96	C	0.03875	180	181	185	229	0
96	)	0.0041	30	14	24	14	0
96	2	0.0043	33	20	10	23	0
96	*	0.0033	22	11	19	14	0
96	8	0.01035	58	42	57	50	0
96	7	0.0075	53	35	24	38	0
96	6	0.0089	54	41	35	48	0
96	=	0.0142	83	63	66	72	0
96	5	0.0069	56	31	18	33	0
96	+	0.00345	19	15	18	17	0
96	?	0.0185	103	88	84	95	0
96	,	0.00465	33	17	25	18	0
96	9	0.01085	69	47	48	53	0
96	-	0.00375	26	15	13	21	0
96	3	0.0062	37	26	25	36	0
96	&	0.00315	13	13	23	14	0
96	1	0.00565	44	18	21	30	0
96	!	0.0017	0	0	0	0	34
96	.	0.0048	29	24	14	29	0
96	(	0.0041	29	20	19	14	0
96	'	0.00265	12	9	16	16	0
96	%	0.002	10	11	8	11	0
97	F	0.3884	1701	2039	1989	2039	0
97	E	0.1385	655	735	677	703	0
97	A	0.02865	184	129	109	151	0
97	@	0.0223	127	113	101	105	0
97	G	0.0826	390	420	444	398	0
97	D	0.06155	335	296	288	312	0
97	6	0.0085	61	35	36	38	0
97	B	0.03265	209	131	150	163	0
97	+	0.00445	29	20	19	21	0
97	=	0.0142	73	60	82	69	0
97	?	0.018	96	79	88	97	0
97	)	0.0036	29	11	20	12	0
97	8	0.0115	87	51	37	55	0
97	'	0.0039	24	14	23	17	0
97	<	0.01265	71	53	60	69	0
97	>	0.0191	113	90	79	100	0
97	:	0.0107	67	48	50	49	0
97	C	0.03815	190	195	184	194	0
97	9	0.0107	73	48	33	60	0
97	3	0.0074	41	35	41	31	0
97	.	0.0045	35	17	15	23	0
97	;	0.0123	80	56	55	55	0
97	7	0.0096	59	38	46	49	0
97	1	0.0065	45	21	31	33	0
97	2	0.0054	31	20	27	30	0
97	4	0.0065	45	17	27	41	0
97	5	0.0068	44	30	31	31	0
97	0	0.0054	34	15	25	34	0
97	&	0.0041	21	23	26	12	0
97	,	0.0037	26	13	18	17	0
97	-	0.0036	20	16	19	17	0
97	/	0.0042	31	11	22	20	0
97	(	0.004	38	13	20	9	0
97	*	0.00375	26	16	10	23	0
97	%	0.0014	14	4	5	5	0
97	!	0.00075	0	0	0	0	15
98	F	0.383	1603	2035	2024	1998	0
98	G	0.0798	367	440	435	354	0
98	D	0.0633	356	296	309	305	0
98	C	0.0413	233	174	203	216	0
98	=	0.01425	87	64	62	72	0
98	?	0.0199	117	72	92	117	0
98	E	0.14015	732	662	658	751	0
98	;	0.0133	83	59	60	64	0
98	@	0.02395	133	119	105	122	0
98	<	0.0154	82	70	73	83	0
98	A	0.02635	153	107	145	122	0
98	>	0.0181	103	80	87	92	0
98	3	0.00725	55	23	27	40	0
98	B	0.03285	169	146	147	195	0
98	7	0.0085	48	40	36	46	0
98	4	0.0072	47	27	31	39	0
98	*	0.0036	37	13	12	10	0
98	5	0.00665	47	21	23	42	0
98	0	0.00465	33	18	23	19	0
98	9	0.01015	58	48	47	50	0
98	)	0.0041	33	14	20	15	0
98	6	0.00895	54	35	40	50	0
98	(	0.0031	24	11	16	11	0
98	2	0.005	37	18	14	31	0
98	:	0.0106	61	52	39	60	0
98	/	0.0062	49	15	30	30	0
98	-	0.0041	26	19	18	19	0
98	1	0.00565	34	27	20	32	0
98	8	0.00995	57	47	27	68	0
98	'	0.0037	22	14	20	18	0
98	&	0.00395	22	14	30	13	0
98	!	0.00085	0	0	0	0	17
98	,	0.00335	23	14	10	20	0
98	.	0.00495	39	20	16	24	0
98	+	0.00435	32	11	14	30	0
98	%	0.00155	9	6	7	9	0
99	F	0.34915	1508	1896	1892	1687	0
99	D	0.0635	314	330	296	330	0
99	A	0.0285	161	122	131	156	0
99	B	0.0385	203	178	181	208	0
99	5	0.0089	53	36	47	42	0
99	E	0.1301	627	663	644	668	0
99	0	0.00615	44	15	30	34	0
99	G	0.07215	314	439	385	305	0
99	=	0.0165	109	67	76	78	0
99	9	0.0124	84	52	49	63	0
99	<	0.01505	81	62	77	81	0
99	C	0.04385	228	214	194	241	0
99	8	0.01135	78	53	34	62	0
99	.	0.0065	37	32	26	35	0
99	-	0.00495	34	14	24	27	0
99	?	0.0204	120	96	105	87	0
99	2	0.00755	46	32	40	33	0
99	>	0.0211	107	98	103	114	0
99	;	0.01415	84	65	53	81	0
99	@	0.02575	144	126	104	141	0
99	:	0.01185	61	62	46	68	0
99	'	0.0044	20	24	30	14	0
99	&	0.0054	31	20	29	28	0
99	7	0.00955	65	34	41	51	0
99	3	0.0089	44	47	30	57	0
99	6	0.00915	50	43	38	52	0
99	4	0.0083	45	29	32	60	0
99	+	0.00535	31	22	31	23	0
99	*	0.0054	30	18	26	34	0
99	1	0.0076	54	31	29	38	0
99	(	0.005	35	27	17	21	0
99	!	0.004	0	0	0	0	80
99	/	0.0057	49	15	27	23	0
99	)	0.0052	39	16	24	25	0
99	,	0.006	45	14	33	28	0
99	%	0.0017	11	5	8	10	0
